# Cohesive energy (eV) vs. nearest neighbor radial distance (Angstrom).
# potential = 1985--Foiles-S-M--Ni-Cu
# composition = Ni

# NOTE: These values are for static, unrelaxed structures and use the ideal
# b/a and c/a ratios for the crystal structure, not the potential-specific
# values.

# Calculations from the NIST Interatomic Potential Repository Project:
# http://www.ctcms.nist.gov/potentials/

# Table generated 2017-10-01

   r                A1--Cu--fcc      A15--beta-W      A2--W--bcc       A3'--alpha-La    A3--Mg--hcp      A4--C--dc        A5--beta-Sn      A6--In--bct      A7--alpha-As     Ah--alpha-Po--sc
    2.0000000000    -0.2274422769    -3.4630827863    -1.4155381450    -0.2242916627    -0.2211410486    -1.8644813393    -2.5247532481    -1.0695220430    -2.8053758890    -1.9908693012
    2.0201005025    -0.6882862846    -3.6219562296    -1.7732969179    -0.6854737575    -0.6826612304    -2.0348116447    -2.7396021308    -1.5126930729    -2.9240093492    -2.2348613534
    2.0402010050    -1.1129137801    -3.7604963772    -2.1001823947    -1.1106608372    -1.1084078943    -2.1874381593    -2.9318162734    -1.8601639422    -3.0267996566    -2.4550122280
    2.0603015075    -1.5332775803    -3.8809874967    -2.3980831733    -1.5331047450    -1.5329319097    -2.3235990243    -3.1029159284    -2.1790101887    -3.1153996060    -2.6529023648
    2.0804020100    -1.8729284558    -3.9842449964    -2.6689128742    -1.8738709480    -1.8748134402    -2.4445784955    -3.2543370605    -2.4696216497    -3.1912245978    -2.8300233944
    2.1005025126    -2.1838627802    -4.0718246864    -2.9119304388    -2.1858055592    -2.1877483383    -2.5524349480    -3.3884013389    -2.7337301300    -3.2545091314    -2.9877818416
    2.1206030151    -2.4677847218    -4.1458940239    -3.1296917567    -2.4706269667    -2.4734692116    -2.6469942761    -3.5059776594    -2.9691096942    -3.3063450397    -3.1275028935
    2.1407035176    -2.7263115443    -4.2057405050    -3.3254003918    -2.7299643186    -2.7336170930    -2.7292215002    -3.6075758187    -3.1810844009    -3.3475557161    -3.2504357128
    2.1608040201    -2.9609698223    -4.2511615215    -3.5004439093    -2.9645085575    -2.9680472928    -2.8000192435    -3.6943445229    -3.3737427200    -3.3790610641    -3.3611081659
    2.1809045226    -3.1732156632    -4.2847087520    -3.6561371708    -3.1762882350    -3.1793608068    -2.8602315302    -3.7663181523    -3.5465228688    -3.4024051140    -3.4573967083
    2.2010050251    -3.3644224691    -4.3071952609    -3.7937255651    -3.3670756148    -3.3697287605    -2.9106473997    -3.8256344254    -3.7002198811    -3.4176779603    -3.5386188520
    2.2211055276    -3.5358927187    -4.3195115072    -3.9143881248    -3.5381674117    -3.5404421046    -2.9520043275    -3.8744555118    -3.8360630515    -3.4253159875    -3.6071832480
    2.2412060301    -3.6888598970    -4.3224916858    -4.0192405492    -3.6907920911    -3.6927242852    -2.9849914577    -3.9129996248    -3.9552146977    -3.4259775611    -3.6640220072
    2.2613065327    -3.8244918737    -4.3169169064    -4.1093381331    -3.8261131541    -3.8277344345    -3.0102526546    -3.9414721435    -4.0587735113    -3.4202748439    -3.7100087591
    2.2814070352    -3.9438941208    -4.3035182128    -4.1856785808    -3.9452322719    -3.9465704231    -3.0283893720    -3.9608364767    -4.1477777521    -3.4087768455    -3.7459620768
    2.3015075377    -4.0481127842    -4.2829794347    -4.2492047360    -4.0491922848    -4.0502717854    -3.0399633562    -3.9727291018    -4.2232082902    -3.3920122761    -3.7726487264
    2.3216080402    -4.1381376093    -4.2559398975    -4.3008071981    -4.1389800634    -4.1398225174    -3.0455025636    -3.9777952338    -4.2859919815    -3.3704749907    -3.7907867413
    2.3417085427    -4.2149047286    -4.2229969877    -4.3403703234    -4.2155292401    -4.2161537515    -3.0427348641    -3.9754327442    -4.3379790603    -3.3415683403    -3.8010483279
    2.3618090452    -4.2792993211    -4.1847085799    -4.3684986392    -4.2797228190    -4.2801463170    -3.0337473838    -3.9662683049    -4.3785101329    -3.3076600836    -3.8040626103
    2.3819095477    -4.3321581428    -4.1415953346    -4.3872485845    -4.3323956640    -4.3326331853    -3.0203104813    -3.9508869501    -4.4075872161    -3.2704927197    -3.8004182184
    2.4020100502    -4.3742739272    -4.0942576592    -4.3974558668    -4.3742847838    -4.3742956404    -3.0028040995    -3.9298346817    -4.4273677293    -3.2304084196    -3.7907789272
    2.4221105528    -4.4063877535    -4.0440247662    -4.4008838816    -4.4057120097    -4.4050362659    -2.9815832096    -3.9036209122    -4.4390933255    -3.1877248626    -3.7765225027
    2.4422110553    -4.4292110987    -3.9902560943    -4.3967840769    -4.4278993794    -4.4265876600    -2.9569793410    -3.8727207525    -4.4427307524    -3.1427367854    -3.7570815902
    2.4623115578    -4.4434080626    -3.9333506384    -4.3857450207    -4.4415058484    -4.4396036342    -2.9293020196    -3.8375771594    -4.4388952804    -3.0957174390    -3.7329125697
    2.4824120603    -4.4496072865    -3.8724987122    -4.3683207249    -4.4471554996    -4.4447037126    -2.8988401194    -3.7986032284    -4.4281663914    -3.0472099077    -3.7044414976
    2.5025125628    -4.4484018598    -3.8059876235    -4.3452100400    -4.4454813139    -4.4425607680    -2.8659670368    -3.7566756101    -4.4110896380    -2.9974618100    -3.6720659899
    2.5226130653    -4.4403511239    -3.7376547227    -4.3196728479    -4.4377228060    -4.4350944881    -2.8325608319    -3.7108785242    -4.3881784117    -2.9463721303    -3.6361573183
    2.5427135678    -4.4259823884    -3.6677541150    -4.2900269573    -4.4238725063    -4.4217626242    -2.7976134345    -3.6590578524    -4.3599156257    -2.8942591151    -3.5942414829
    2.5628140703    -4.4057925669    -3.5968063764    -4.2556484538    -4.4041636162    -4.4025346654    -2.7607221728    -3.6050212412    -4.3267553157    -2.8412179789    -3.5482843212
    2.5829145729    -4.3802497333    -3.5262110934    -4.2169665710    -4.3790677508    -4.3778857683    -2.7221010826    -3.5490129324    -4.2891241605    -2.7873688052    -3.4999854983
    2.6030150754    -4.3497946035    -3.4552336029    -4.1743831086    -4.3490288026    -4.3482630017    -2.6819492450    -3.4912848064    -4.2474229290    -2.7328717652    -3.4496059101
    2.6231155779    -4.3148419463    -3.3834784822    -4.1282740304    -4.3144643919    -4.3140868376    -2.6404517548    -3.4320710359    -4.2020278553    -2.6778742772    -3.3973888376
    2.6432160804    -4.2757819257    -3.3111413414    -4.0789909699    -4.2757672454    -4.2757525650    -2.5977806148    -3.3715891294    -4.1532919465    -2.6225118617    -3.3435609672
    2.6633165829    -4.2329813790    -3.2384475178    -4.0268626467    -4.2333065048    -4.2336316306    -2.5540955735    -3.3100409337    -4.1015987019    -2.5669091838    -3.2883333552
    2.6834170854    -4.1867850327    -3.1666409219    -3.9721962005    -4.1874289722    -4.1880729116    -2.5095449121    -3.2476135690    -4.0485067766    -2.5116257640    -3.2319023467
    2.7035175879    -4.1375166593    -3.0946919375    -3.9135954858    -4.1384602906    -4.1394039219    -2.4642661887    -3.1844803206    -3.9929285373    -2.4564975131    -3.1744504402
    2.7236180905    -4.0854801779    -3.0227448056    -3.8506568968    -4.0867060679    -4.0879319579    -2.4183868926    -3.1208014776    -3.9339866968    -2.4014124786    -3.1161471097
    2.7437185930    -4.0309607021    -2.9509315099    -3.7862021762    -4.0324529438    -4.0339451855    -2.3720251283    -3.0567251343    -3.8703003640    -2.3464600503    -3.0571495865
    2.7638190955    -3.9742222902    -2.8793727751    -3.7204487782    -3.9759655330    -3.9777087759    -2.3252901997    -2.9923879323    -3.8077862857    -2.2917217515    -2.9976042801
    2.7839195980    -3.9155250854    -2.8084355534    -3.6535967927    -3.9172185666    -3.9189120479    -2.2782831719    -2.9279157812    -3.7438486913    -2.2372716557    -2.9386205717
    2.8040201005    -3.8550939237    -2.7380995024    -3.5858327088    -3.8565254747    -3.8579570257    -2.2310973800    -2.8634245122    -3.6786946842    -2.1831770706    -2.8798629691
    2.8241206030    -3.7931513314    -2.6683006040    -3.5173301492    -3.7943356072    -3.7955198830    -2.1838189998    -2.7990205248    -3.6125173306    -2.1294988695    -2.8208601738
    2.8442211055    -3.7299024188    -2.5991220260    -3.4482505732    -3.7308530460    -3.7318036733    -2.1365274152    -2.7348013766    -3.5454964456    -2.0762920020    -2.7617237770
    2.8643216080    -3.6655387504    -2.5306387302    -3.3787439455    -3.6662683147    -3.6669978789    -2.0892956888    -2.6708563444    -3.4777993306    -2.0236059449    -2.7025565787
    2.8844221106    -3.6002391063    -2.4629180557    -3.3089493726    -3.6007592384    -3.6012793705    -2.0421909905    -2.6072669548    -3.4095814804    -1.9714768649    -2.6434531432
    2.9045226131    -3.5341701856    -2.3960202115    -3.2389957106    -3.5344916397    -3.5348130939    -1.9952749654    -2.5441075027    -3.3409872525    -1.9200128836    -2.5845003310
    2.9246231156    -3.4674872681    -2.3299988102    -3.1690021594    -3.4676199933    -3.4677527184    -1.9485967909    -2.4815504669    -3.2721504979    -1.8690831588    -2.5257777936
    2.9447236181    -3.4003348458    -2.2649012862    -3.0996684876    -3.4003348458    -3.4003348458    -1.9030278976    -2.4200316594    -3.2031951626    -1.8189156509    -2.4673583886
    2.9648241206    -3.3328472209    -2.2007694133    -3.0320745570    -3.3328472209    -3.3328472209    -1.8596259762    -2.3593404446    -3.1342358656    -1.7695251808    -2.4093087232
    2.9849246231    -3.2651490801    -2.1376396197    -2.9646505142    -3.2651490801    -3.2651490801    -1.8159396300    -2.2992800851    -3.0653784293    -1.7209106940    -2.3516894105
    3.0050251256    -3.1973560277    -2.0755380132    -2.8974890273    -3.1973560277    -3.1973560277    -1.7720960897    -2.2398974253    -2.9967203955    -1.6730137015    -2.2945556219
    3.0251256281    -3.1295751078    -2.0145385758    -2.8306751049    -3.1295751078    -3.1295751078    -1.7286584431    -2.1812344242    -2.9283515171    -1.6258625139    -2.2379573294
    3.0452261307    -3.0619052794    -1.9542045663    -2.7642865674    -3.0619052793    -3.0619052793    -1.6856643607    -2.1233284365    -2.8603542142    -1.5794729109    -2.1819396608
    3.0653266332    -2.9944378912    -1.8942091795    -2.6983944884    -2.9944378912    -2.9944378912    -1.6431258396    -2.0662118025    -2.7928040100    -1.5338583636    -2.1265432729
    3.0854271357    -2.9272571151    -1.8350982407    -2.6330635959    -2.9272571151    -2.9272571151    -1.6010783389    -2.0099261118    -2.7257699429    -1.4890305538    -2.0718046261
    3.1055276382    -2.8604403619    -1.7772158309    -2.5683527068    -2.8604403619    -2.8604403619    -1.5595490568    -1.9544286180    -2.6593149742    -1.4449972431    -2.0177484097
    3.1256281407    -2.7940586748    -1.7205058376    -2.5043150741    -2.7940586748    -2.7940586748    -1.5185617609    -1.8991725344    -2.5934963392    -1.4017664017    -1.9644693495
    3.1457286432    -2.7281771033    -1.6649787970    -2.4409987333    -2.7281771033    -2.7281771033    -1.4781390447    -1.8441867861    -2.5283658836    -1.3593418824    -1.9115295142
    3.1658291457    -2.6628550780    -1.6106353548    -2.3784468449    -2.6628550780    -2.6628550780    -1.4382988527    -1.7901358750    -2.4639704735    -1.3177276560    -1.8586908260
    3.1859296482    -2.5981467140    -1.5574737340    -2.3166980631    -2.5981467140    -2.5981467139    -1.3990591734    -1.7370518294    -2.4003521933    -1.2769243601    -1.8063763174
    3.2060301508    -2.5341011432    -1.5054900753    -2.2557867089    -2.5341011432    -2.5341011432    -1.3604332984    -1.6849248166    -2.3376696479    -1.2369494633    -1.7549718464
    3.2261306533    -2.4707628428    -1.4546794034    -2.1957431511    -2.4707628428    -2.4707628428    -1.3224354175    -1.6337635386    -2.2761081007    -1.1989728095    -1.7044102434
    3.2462311558    -2.4081718878    -1.4050337627    -2.1365940595    -2.4081718878    -2.4081718878    -1.2850740304    -1.5835719195    -2.2154106529    -1.1623228710    -1.6547105206
    3.2663316583    -2.3463642049    -1.3565449747    -2.0783545919    -2.3463642048    -2.3463642048    -1.2483612162    -1.5343513155    -2.1556042794    -1.1264154559    -1.6058795952
    3.2864321608    -2.2853719134    -1.3092026447    -2.0211113439    -2.2853719134    -2.2853719134    -1.2123004586    -1.4866908086    -2.0967060935    -1.0912533249    -1.5579225970
    3.3065326633    -2.2252235018    -1.2629952109    -1.9644070648    -2.2252235018    -2.2252235018    -1.1769012578    -1.4414492402    -2.0387937533    -1.0568374804    -1.5108437966
    3.3266331658    -2.1659440394    -1.2179102793    -1.9079812899    -2.1659440394    -2.1659440393    -1.1421662276    -1.3971073179    -1.9815817872    -1.0231563623    -1.4646440313
    3.3467336683    -2.1075522726    -1.1739348450    -1.8522874450    -2.1075522726    -2.1075522726    -1.1080963510    -1.3536667909    -1.9246558398    -0.9902126572    -1.4193244444
    3.3668341708    -2.0500990594    -1.1310524991    -1.7976893079    -2.0500990594    -2.0500990594    -1.0747001283    -1.3111236475    -1.8682781366    -0.9580084093    -1.3748835680
    3.3869346734    -1.9934505849    -1.0892523189    -1.7441144792    -1.9934505849    -1.9934505849    -1.0419721625    -1.2694779672    -1.8129961058    -0.9265217825    -1.3313196631
    3.4070351759    -1.9379385957    -1.0485113690    -1.6915750533    -1.9379385957    -1.9379385956    -1.0099108985    -1.2287216339    -1.7593230778    -0.8957516374    -1.2907138004
    3.4271356784    -1.8832528019    -1.0088192688    -1.6400713815    -1.8832528019    -1.8832528019    -0.9785237263    -1.1888544690    -1.7069867958    -0.8657043027    -1.2520525146
    3.4472361809    -1.8295424734    -0.9701602212    -1.5896019799    -1.8295424734    -1.8295424734    -0.9478062697    -1.1498649505    -1.6556601705    -0.8363744291    -1.2141561838
    3.4673366834    -1.7768098471    -0.9325044150    -1.5401650025    -1.7768098471    -1.7768098471    -0.9177439948    -1.1117486440    -1.6053443237    -0.8077202282    -1.1770289116
    3.4874371859    -1.7250454119    -0.8958471086    -1.4917557591    -1.7250454119    -1.7250454119    -0.8883419261    -1.0745010424    -1.5560391150    -0.7797474504    -1.1406634998
    3.5075376884    -1.6742554830    -0.8601751032    -1.4443687857    -1.6742554830    -1.6742554830    -0.8596085601    -1.0381042167    -1.5077414251    -0.7524676702    -1.1050613636
    3.5276381909    -1.6244420081    -0.8254432554    -1.3979984569    -1.6244420081    -1.6244420080    -0.8315304918    -1.0025566162    -1.4604489462    -0.7258926313    -1.0702216706
    3.5477386935    -1.5756043731    -0.7916395180    -1.3526354803    -1.5756043731    -1.5756043731    -0.8040769227    -0.9678528651    -1.4141559450    -0.6999552682    -1.0361317866
    3.5678391960    -1.5277410083    -0.7587765383    -1.3082735020    -1.5277410083    -1.5277410083    -0.7772582359    -0.9339654474    -1.3688570770    -0.6744803342    -1.0027931909
    3.5879396985    -1.4808498539    -0.7268029281    -1.2649003906    -1.4808498539    -1.4808498539    -0.7510864007    -0.9008922966    -1.3245449350    -0.6495917474    -0.9702068908
    3.6080402010    -1.4349253556    -0.6955850419    -1.2225080800    -1.4349253556    -1.4349253556    -0.7255733039    -0.8686382775    -1.2812122586    -0.6254013583    -0.9383503024
    3.6281407035    -1.3899644337    -0.6650918597    -1.1810846594    -1.3899644337    -1.3899644337    -0.7006503919    -0.8371744850    -1.2388483389    -0.6019910612    -0.9072211942
    3.6482412060    -1.3459581989    -0.6355120763    -1.1406158950    -1.3459581989    -1.3459581989    -0.6761595817    -0.8064680911    -1.1974475403    -0.5794181872    -0.8768248995
    3.6683417085    -1.3029027873    -0.6069810791    -1.1010967854    -1.3029027873    -1.3029027873    -0.6522168066    -0.7765293179    -1.1569932662    -0.5577200345    -0.8471565709
    3.6884422111    -1.2607863484    -0.5796048861    -1.0625046128    -1.2607863484    -1.2607863484    -0.6289245656    -0.7473698379    -1.1174814599    -0.5370463248    -0.8181735758
    3.7085427136    -1.2196040203    -0.5534868792    -1.0248302450    -1.2196040203    -1.2196040203    -0.6063588330    -0.7189870508    -1.0788959859    -0.5173851465    -0.7898801431
    3.7286432161    -1.1793433333    -0.5286972230    -0.9880692728    -1.1793433333    -1.1793433333    -0.5845736639    -0.6911481340    -1.0412216094    -0.4983838771    -0.7622871619
    3.7487437186    -1.1399935808    -0.5048622590    -0.9521894184    -1.1399935808    -1.1399935808    -0.5636050913    -0.6639064873    -1.0044572210    -0.4797815509    -0.7354058267
    3.7688442211    -1.1015503760    -0.4815129657    -0.9171819140    -1.1015503760    -1.1015503760    -0.5435444996    -0.6374073177    -0.9685798600    -0.4613951510    -0.7091791015
    3.7889447236    -1.0639925393    -0.4583340299    -0.8830492041    -1.0639925393    -1.0639925393    -0.5244988977    -0.6117570617    -0.9335700073    -0.4431028911    -0.6834217240
    3.8090452261    -1.0273131577    -0.4351275971    -0.8497646286    -1.0273131577    -1.0273131577    -0.5061620474    -0.5870305313    -0.8994281496    -0.4248305326    -0.6582509789
    3.8291457286    -0.9915088686    -0.4117842890    -0.8172856873    -0.9915088686    -0.9915088686    -0.4882786562    -0.5632780178    -0.8661506065    -0.4065402366    -0.6337795542
    3.8492462312    -0.9565496619    -0.3882601632    -0.7856216125    -0.9565496619    -0.9565496619    -0.4706658976    -0.5413804942    -0.8336833099    -0.3882215242    -0.6100903210
    3.8693467337    -0.9224274894    -0.3645390960    -0.7547841626    -0.9224274894    -0.9224274894    -0.4531984184    -0.5213667550    -0.8020235114    -0.3700691108    -0.5872416296
    3.8894472362    -0.8891447550    -0.3406434053    -0.7247569833    -0.8891447550    -0.8891447550    -0.4357959727    -0.5020103644    -0.7711822305    -0.3527605950    -0.5652717706
    3.9095477387    -0.8566831687    -0.3165925408    -0.6952860282    -0.8566831687    -0.8566831687    -0.4184132663    -0.4830482357    -0.7411714334    -0.3361129397    -0.5443179355
    3.9296482412    -0.8249969866    -0.2946133231    -0.6664669786    -0.8249969866    -0.8249969866    -0.4010316546    -0.4642969911    -0.7118423005    -0.3194850841    -0.5244000093
    3.9497487437    -0.7940933228    -0.2748701296    -0.6384566532    -0.7940933228    -0.7940933227    -0.3836523933    -0.4456357411    -0.6830798454    -0.3030300563    -0.5051646919
    3.9698492462    -0.7639830448    -0.2556990140    -0.6113690424    -0.7639830448    -0.7639830448    -0.3662911849    -0.4269919986    -0.6550552895    -0.2868713351    -0.4863455864
    3.9899497487    -0.7346743458    -0.2371989596    -0.5852833404    -0.7346743458    -0.7346743458    -0.3489722159    -0.4083302105    -0.6278973458    -0.2711036499    -0.4677551335
    4.0100502513    -0.7059500502    -0.2194372571    -0.5602700108    -0.7059500502    -0.7059500502    -0.3316307708    -0.3896424693    -0.6016975538    -0.2557980068    -0.4492678553
    4.0301507538    -0.6778100981    -0.2024560466    -0.5365793945    -0.6778100981    -0.6778100981    -0.3143558314    -0.3709410373    -0.5765173090    -0.2410059185    -0.4308066067
    4.0502512563    -0.6504103583    -0.1862776692    -0.5138429966    -0.6504103583    -0.6504103583    -0.2973063858    -0.3522520080    -0.5525087615    -0.2267629565    -0.4123313428
    4.0703517588    -0.6238658409    -0.1709090286    -0.4916246061    -0.6238658409    -0.6238658409    -0.2806053889    -0.3335091647    -0.5297208724    -0.2130917293    -0.3938299902
    4.0904522613    -0.5982581538    -0.1563451384    -0.4696197443    -0.5982581538    -0.5982581538    -0.2643460838    -0.3148044398    -0.5076833427    -0.2000043742    -0.3753110699
    4.1105527638    -0.5736417452    -0.1425719963    -0.4476267738    -0.5736417452    -0.5736417452    -0.2485973118    -0.2963306312    -0.4860386568    -0.1875046361    -0.3567977768
    4.1306532663    -0.5501948933    -0.1295689006    -0.4255234075    -0.5501948933    -0.5501948933    -0.2334079645    -0.2782357144    -0.4645418933    -0.1755895991    -0.3382551003
    4.1507537688    -0.5278856684    -0.1173103117    -0.4035598688    -0.5278856684    -0.5278856684    -0.2188107098    -0.2606309543    -0.4430356226    -0.1642511236    -0.3197021942
    4.1708542714    -0.5062633872    -0.1057673389    -0.3828175840    -0.5062633872    -0.5062633872    -0.2048251033    -0.2435976769    -0.4214295263    -0.1534770354    -0.3013336691
    4.1909547739    -0.4849987348    -0.0949089183    -0.3632297058    -0.4849987348    -0.4849987348    -0.1914601820    -0.2271929125    -0.3996839321    -0.1432521070    -0.2833030405
    4.2110552764    -0.4638654887    -0.0847027420    -0.3435936252    -0.4638654887    -0.4638654887    -0.1787166191    -0.2114540872    -0.3777965877    -0.1335588624    -0.2657267788
    4.2311557789    -0.4427178270    -0.0751159822    -0.3238758488    -0.4427178270    -0.4427178270    -0.1665885108    -0.1964029166    -0.3557905578    -0.1243782360    -0.2486910376
    4.2512562814    -0.4214718427    -0.0661158487    -0.3042912378    -0.4214718427    -0.4214718427    -0.1550648524    -0.1820486269    -0.3335742493    -0.1156901078    -0.2322572739
    4.2713567839    -0.4000905555    -0.0576700385    -0.2850254026    -0.4000905555    -0.4000905555    -0.1441307543    -0.1683906145    -0.3113161684    -0.1074737360    -0.2164669353
    4.2914572864    -0.3785718273    -0.0510969823    -0.2662192764    -0.3785718273    -0.3785718273    -0.1337684392    -0.1554206341    -0.2892968221    -0.0997081038    -0.2013453594
    4.3115577889    -0.3569382104    -0.0457698024    -0.2479773200    -0.3569382104    -0.3569382104    -0.1239580561    -0.1431245935    -0.2677289963    -0.0923721952    -0.1869050109
    4.3316582915    -0.3351037170    -0.0423472055    -0.2303743582    -0.3351037170    -0.3351037170    -0.1146783417    -0.1314840188    -0.2467705565    -0.0854452112    -0.1731481614
    4.3517587940    -0.3132101582    -0.0391177101    -0.2134612659    -0.3132101582    -0.3132101582    -0.1059071546    -0.1204772465    -0.2265350448    -0.0789067382    -0.1600691017
    4.3718592965    -0.2915289115    -0.0360707355    -0.1972696872    -0.2915289115    -0.2915289115    -0.0976219033    -0.1100803885    -0.2071004342    -0.0727368746    -0.1476559627
    4.3919597990    -0.2702671183    -0.0331962047    -0.1818159409    -0.2702671183    -0.2702671183    -0.0897998858    -0.1002681068    -0.1885163428    -0.0669163263    -0.1358922076
    4.4120603015    -0.2495796164    -0.0304845350    -0.1671042461    -0.2495796164    -0.2495796164    -0.0824185573    -0.0910142338    -0.1708099640    -0.0614264740    -0.1247578509
    4.4321608040    -0.2295788519    -0.0279266264    -0.1531293767    -0.2295788519    -0.2295788519    -0.0754557374    -0.0822922623    -0.1539909264    -0.0562494190    -0.1142304484
    4.4522613065    -0.2103430980    -0.0255138477    -0.1398788390    -0.2103430980    -0.2103430980    -0.0688897677    -0.0740757297    -0.1380552641    -0.0513680115    -0.1042858977
    4.4723618090    -0.1919232523    -0.0232380207    -0.1273346519    -0.1919232523    -0.1919232523    -0.0626996299    -0.0663385151    -0.1229886485    -0.0467658648    -0.0948990802
    4.4924623116    -0.1743484460    -0.0210914024    -0.1154747951    -0.1743484460    -0.1743484460    -0.0568650299    -0.0590550655    -0.1087690073    -0.0424273578    -0.0860443737
    4.5125628141    -0.1576306589    -0.0190666683    -0.1042743824    -0.1576306589    -0.1576306589    -0.0513664563    -0.0522016618    -0.0953686374    -0.0383376295    -0.0776960556
    4.5326633166    -0.1417685052    -0.0171568936    -0.0937066053    -0.1417685052    -0.1417685052    -0.0461852167    -0.0461852167    -0.0827559000    -0.0344825660    -0.0698286183
    4.5527638191    -0.1267503277    -0.0153555348    -0.0837434885    -0.1267503277    -0.1267503277    -0.0413034572    -0.0413034572    -0.0708965718    -0.0308487826    -0.0624170115
    4.5728643216    -0.1125567179    -0.0136564122    -0.0743564884    -0.1125567179    -0.1125567179    -0.0367041678    -0.0367041678    -0.0597549136    -0.0274236020    -0.0554368243
    4.5929648241    -0.0991625583    -0.0120536911    -0.0655169632    -0.0991625583    -0.0991625583    -0.0323711779    -0.0323711779    -0.0492945082    -0.0241950297    -0.0488644195
    4.6130653266    -0.0865386701    -0.0105418652    -0.0571965377    -0.0865386701    -0.0865386700    -0.0282891429    -0.0282891429    -0.0394789088    -0.0211517275    -0.0426770284
    4.6331658292    -0.0746531332    -0.0091157390    -0.0493673816    -0.0746531332    -0.0746531332    -0.0244435249    -0.0244435249    -0.0302721699    -0.0182829861    -0.0368528141
    4.6532663317    -0.0634723379    -0.0077704115    -0.0420024178    -0.0634723379    -0.0634723379    -0.0208205686    -0.0208205686    -0.0230761381    -0.0155786966    -0.0313709087
    4.6733668342    -0.0529618141    -0.0065012603    -0.0350754733    -0.0529618141    -0.0529618141    -0.0174072737    -0.0174072737    -0.0174072737    -0.0130293222    -0.0262114318
    4.6934673367    -0.0430868797    -0.0053039269    -0.0285613851    -0.0430868797    -0.0430868797    -0.0141913657    -0.0141913657    -0.0141913657    -0.0106258701    -0.0213554923
    4.7135678392    -0.0338131399    -0.0041743014    -0.0224360680    -0.0338131399    -0.0338131399    -0.0111612642    -0.0111612642    -0.0111612642    -0.0083598635    -0.0167851781
    4.7336683417    -0.0251068667    -0.0031085094    -0.0166765547    -0.0251068667    -0.0251068667    -0.0083060516    -0.0083060516    -0.0083060516    -0.0062233151    -0.0124835369
    4.7537688442    -0.0169352797    -0.0021028984    -0.0112610119    -0.0169352797    -0.0169352797    -0.0056154408    -0.0056154408    -0.0056154408    -0.0042086999    -0.0084345497
    4.7738693467    -0.0092667736    -0.0011540285    -0.0061687550    -0.0092667736    -0.0092667736    -0.0030797518    -0.0030797518    -0.0030797518    -0.0023089373    -0.0046231117
    4.7939698492    -0.0033224391    -0.0004147374    -0.0022137542    -0.0033224391    -0.0033224391    -0.0011062709    -0.0011062709    -0.0011062709    -0.0008295891    -0.0016598617
    4.8140703518     0.0000000000     0.0000000000     0.0000000000     0.0000000000     0.0000000000     0.0000000000     0.0000000000     0.0000000000     0.0000000000     0.0000000000
    4.8341708543     0.0000000000     0.0000000000     0.0000000000     0.0000000000     0.0000000000     0.0000000000     0.0000000000     0.0000000000     0.0000000000     0.0000000000
    4.8542713568     0.0000000000     0.0000000000     0.0000000000     0.0000000000     0.0000000000     0.0000000000     0.0000000000     0.0000000000     0.0000000000     0.0000000000
    4.8743718593     0.0000000000     0.0000000000     0.0000000000     0.0000000000     0.0000000000     0.0000000000     0.0000000000     0.0000000000     0.0000000000     0.0000000000
    4.8944723618     0.0000000000     0.0000000000     0.0000000000     0.0000000000     0.0000000000     0.0000000000     0.0000000000     0.0000000000     0.0000000000     0.0000000000
    4.9145728643     0.0000000000     0.0000000000     0.0000000000     0.0000000000     0.0000000000     0.0000000000     0.0000000000     0.0000000000     0.0000000000     0.0000000000
    4.9346733668     0.0000000000     0.0000000000     0.0000000000     0.0000000000     0.0000000000     0.0000000000     0.0000000000     0.0000000000     0.0000000000     0.0000000000
    4.9547738694     0.0000000000     0.0000000000     0.0000000000     0.0000000000     0.0000000000     0.0000000000     0.0000000000     0.0000000000     0.0000000000     0.0000000000
    4.9748743719     0.0000000000     0.0000000000     0.0000000000     0.0000000000     0.0000000000     0.0000000000     0.0000000000     0.0000000000     0.0000000000     0.0000000000
    4.9949748744     0.0000000000     0.0000000000     0.0000000000     0.0000000000     0.0000000000     0.0000000000     0.0000000000     0.0000000000     0.0000000000     0.0000000000
    5.0150753769     0.0000000000     0.0000000000     0.0000000000     0.0000000000     0.0000000000     0.0000000000     0.0000000000     0.0000000000     0.0000000000     0.0000000000
    5.0351758794     0.0000000000     0.0000000000     0.0000000000     0.0000000000     0.0000000000     0.0000000000     0.0000000000     0.0000000000     0.0000000000     0.0000000000
    5.0552763819     0.0000000000     0.0000000000     0.0000000000     0.0000000000     0.0000000000     0.0000000000     0.0000000000     0.0000000000     0.0000000000     0.0000000000
    5.0753768844     0.0000000000     0.0000000000     0.0000000000     0.0000000000     0.0000000000     0.0000000000     0.0000000000     0.0000000000     0.0000000000     0.0000000000
    5.0954773869     0.0000000000     0.0000000000     0.0000000000     0.0000000000     0.0000000000     0.0000000000     0.0000000000     0.0000000000     0.0000000000     0.0000000000
    5.1155778894     0.0000000000     0.0000000000     0.0000000000     0.0000000000     0.0000000000     0.0000000000     0.0000000000     0.0000000000     0.0000000000     0.0000000000
    5.1356783920     0.0000000000     0.0000000000     0.0000000000     0.0000000000     0.0000000000     0.0000000000     0.0000000000     0.0000000000     0.0000000000     0.0000000000
    5.1557788945     0.0000000000     0.0000000000     0.0000000000     0.0000000000     0.0000000000     0.0000000000     0.0000000000     0.0000000000     0.0000000000     0.0000000000
    5.1758793970     0.0000000000     0.0000000000     0.0000000000     0.0000000000     0.0000000000     0.0000000000     0.0000000000     0.0000000000     0.0000000000     0.0000000000
    5.1959798995     0.0000000000     0.0000000000     0.0000000000     0.0000000000     0.0000000000     0.0000000000     0.0000000000     0.0000000000     0.0000000000     0.0000000000
    5.2160804020     0.0000000000     0.0000000000     0.0000000000     0.0000000000     0.0000000000     0.0000000000     0.0000000000     0.0000000000     0.0000000000     0.0000000000
    5.2361809045     0.0000000000     0.0000000000     0.0000000000     0.0000000000     0.0000000000     0.0000000000     0.0000000000     0.0000000000     0.0000000000     0.0000000000
    5.2562814070     0.0000000000     0.0000000000     0.0000000000     0.0000000000     0.0000000000     0.0000000000     0.0000000000     0.0000000000     0.0000000000     0.0000000000
    5.2763819096     0.0000000000     0.0000000000     0.0000000000     0.0000000000     0.0000000000     0.0000000000     0.0000000000     0.0000000000     0.0000000000     0.0000000000
    5.2964824121     0.0000000000     0.0000000000     0.0000000000     0.0000000000     0.0000000000     0.0000000000     0.0000000000     0.0000000000     0.0000000000     0.0000000000
    5.3165829146     0.0000000000     0.0000000000     0.0000000000     0.0000000000     0.0000000000     0.0000000000     0.0000000000     0.0000000000     0.0000000000     0.0000000000
    5.3366834171     0.0000000000     0.0000000000     0.0000000000     0.0000000000     0.0000000000     0.0000000000     0.0000000000     0.0000000000     0.0000000000     0.0000000000
    5.3567839196     0.0000000000     0.0000000000     0.0000000000     0.0000000000     0.0000000000     0.0000000000     0.0000000000     0.0000000000     0.0000000000     0.0000000000
    5.3768844221     0.0000000000     0.0000000000     0.0000000000     0.0000000000     0.0000000000     0.0000000000     0.0000000000     0.0000000000     0.0000000000     0.0000000000
    5.3969849246     0.0000000000     0.0000000000     0.0000000000     0.0000000000     0.0000000000     0.0000000000     0.0000000000     0.0000000000     0.0000000000     0.0000000000
    5.4170854271     0.0000000000     0.0000000000     0.0000000000     0.0000000000     0.0000000000     0.0000000000     0.0000000000     0.0000000000     0.0000000000     0.0000000000
    5.4371859297     0.0000000000     0.0000000000     0.0000000000     0.0000000000     0.0000000000     0.0000000000     0.0000000000     0.0000000000     0.0000000000     0.0000000000
    5.4572864322     0.0000000000     0.0000000000     0.0000000000     0.0000000000     0.0000000000     0.0000000000     0.0000000000     0.0000000000     0.0000000000     0.0000000000
    5.4773869347     0.0000000000     0.0000000000     0.0000000000     0.0000000000     0.0000000000     0.0000000000     0.0000000000     0.0000000000     0.0000000000     0.0000000000
    5.4974874372     0.0000000000     0.0000000000     0.0000000000     0.0000000000     0.0000000000     0.0000000000     0.0000000000     0.0000000000     0.0000000000     0.0000000000
    5.5175879397     0.0000000000     0.0000000000     0.0000000000     0.0000000000     0.0000000000     0.0000000000     0.0000000000     0.0000000000     0.0000000000     0.0000000000
    5.5376884422     0.0000000000     0.0000000000     0.0000000000     0.0000000000     0.0000000000     0.0000000000     0.0000000000     0.0000000000     0.0000000000     0.0000000000
    5.5577889447     0.0000000000     0.0000000000     0.0000000000     0.0000000000     0.0000000000     0.0000000000     0.0000000000     0.0000000000     0.0000000000     0.0000000000
    5.5778894472     0.0000000000     0.0000000000     0.0000000000     0.0000000000     0.0000000000     0.0000000000     0.0000000000     0.0000000000     0.0000000000     0.0000000000
    5.5979899497     0.0000000000     0.0000000000     0.0000000000     0.0000000000     0.0000000000     0.0000000000     0.0000000000     0.0000000000     0.0000000000     0.0000000000
    5.6180904523     0.0000000000     0.0000000000     0.0000000000     0.0000000000     0.0000000000     0.0000000000     0.0000000000     0.0000000000     0.0000000000     0.0000000000
    5.6381909548     0.0000000000     0.0000000000     0.0000000000     0.0000000000     0.0000000000     0.0000000000     0.0000000000     0.0000000000     0.0000000000     0.0000000000
    5.6582914573     0.0000000000     0.0000000000     0.0000000000     0.0000000000     0.0000000000     0.0000000000     0.0000000000     0.0000000000     0.0000000000     0.0000000000
    5.6783919598     0.0000000000     0.0000000000     0.0000000000     0.0000000000     0.0000000000     0.0000000000     0.0000000000     0.0000000000     0.0000000000     0.0000000000
    5.6984924623     0.0000000000     0.0000000000     0.0000000000     0.0000000000     0.0000000000     0.0000000000     0.0000000000     0.0000000000     0.0000000000     0.0000000000
    5.7185929648     0.0000000000     0.0000000000     0.0000000000     0.0000000000     0.0000000000     0.0000000000     0.0000000000     0.0000000000     0.0000000000     0.0000000000
    5.7386934673     0.0000000000     0.0000000000     0.0000000000     0.0000000000     0.0000000000     0.0000000000     0.0000000000     0.0000000000     0.0000000000     0.0000000000
    5.7587939699     0.0000000000     0.0000000000     0.0000000000     0.0000000000     0.0000000000     0.0000000000     0.0000000000     0.0000000000     0.0000000000     0.0000000000
    5.7788944724     0.0000000000     0.0000000000     0.0000000000     0.0000000000     0.0000000000     0.0000000000     0.0000000000     0.0000000000     0.0000000000     0.0000000000
    5.7989949749     0.0000000000     0.0000000000     0.0000000000     0.0000000000     0.0000000000     0.0000000000     0.0000000000     0.0000000000     0.0000000000     0.0000000000
    5.8190954774     0.0000000000     0.0000000000     0.0000000000     0.0000000000     0.0000000000     0.0000000000     0.0000000000     0.0000000000     0.0000000000     0.0000000000
    5.8391959799     0.0000000000     0.0000000000     0.0000000000     0.0000000000     0.0000000000     0.0000000000     0.0000000000     0.0000000000     0.0000000000     0.0000000000
    5.8592964824     0.0000000000     0.0000000000     0.0000000000     0.0000000000     0.0000000000     0.0000000000     0.0000000000     0.0000000000     0.0000000000     0.0000000000
    5.8793969849     0.0000000000     0.0000000000     0.0000000000     0.0000000000     0.0000000000     0.0000000000     0.0000000000     0.0000000000     0.0000000000     0.0000000000
    5.8994974874     0.0000000000     0.0000000000     0.0000000000     0.0000000000     0.0000000000     0.0000000000     0.0000000000     0.0000000000     0.0000000000     0.0000000000
    5.9195979899     0.0000000000     0.0000000000     0.0000000000     0.0000000000     0.0000000000     0.0000000000     0.0000000000     0.0000000000     0.0000000000     0.0000000000
    5.9396984925     0.0000000000     0.0000000000     0.0000000000     0.0000000000     0.0000000000     0.0000000000     0.0000000000     0.0000000000     0.0000000000     0.0000000000
    5.9597989950     0.0000000000     0.0000000000     0.0000000000     0.0000000000     0.0000000000     0.0000000000     0.0000000000     0.0000000000     0.0000000000     0.0000000000
    5.9798994975     0.0000000000     0.0000000000     0.0000000000     0.0000000000     0.0000000000     0.0000000000     0.0000000000     0.0000000000     0.0000000000     0.0000000000
    6.0000000000     0.0000000000     0.0000000000     0.0000000000     0.0000000000     0.0000000000     0.0000000000     0.0000000000     0.0000000000     0.0000000000     0.0000000000