# Cohesive energy (eV) vs. nearest neighbor radial distance (Angstrom).
# potential = 1985--Foiles-S-M--Ni-Cu
# composition = Cu3Ni

# NOTE: These values are for static, unrelaxed structures and use the ideal
# b/a and c/a ratios for the crystal structure, not the potential-specific
# values.

# Calculations from the NIST Interatomic Potential Repository Project:
# http://www.ctcms.nist.gov/potentials/

# Table generated 2017-10-01

   r                A15--Cr3Si       D0_3--BiF3       L1_2--AuCu3     
    2.0000000000    -2.5166423147    -0.3153680570     0.9354948905
    2.0201005025    -2.6864690109    -0.7053249322     0.4353712488
    2.0402010050    -2.8393717521    -1.0555049400    -0.0183887118
    2.0603015075    -2.9762455059    -1.3696391686    -0.4291227410
    2.0804020100    -3.0979475944    -1.6507457659    -0.8000981350
    2.1005025126    -3.2054946165    -1.9018137041    -1.1341520380
    2.1206030151    -3.2986801710    -2.1262355852    -1.4343804735
    2.1407035176    -3.3791751264    -2.3273530653    -1.7036759747
    2.1608040201    -3.4477419237    -2.5075131852    -1.9450777588
    2.1809045226    -3.5059602474    -2.6712537017    -2.1605327441
    2.2010050251    -3.5535071891    -2.8201339058    -2.3522329885
    2.2211055276    -3.5912395277    -2.9549001644    -2.5274313545
    2.2412060301    -3.6194548215    -3.0762629861    -2.6888942756
    2.2613065327    -3.6384013487    -3.1846612680    -2.8359852763
    2.2814070352    -3.6492052706    -3.2806890999    -2.9694260554
    2.3015075377    -3.6524418717    -3.3653399992    -3.0899024132
    2.3216080402    -3.6486077925    -3.4385994247    -3.1980686645
    2.3417085427    -3.6374554667    -3.5012231286    -3.2945511683
    2.3618090452    -3.6203954884    -3.5543171895    -3.3794746941
    2.3819095477    -3.5978917311    -3.5983982365    -3.4528047528
    2.4020100502    -3.5704199151    -3.6339855462    -3.5164256804
    2.4221105528    -3.5386709097    -3.6617307253    -3.5713098067
    2.4422110553    -3.5027362133    -3.6814158639    -3.6173902249
    2.4623115578    -3.4630088537    -3.6936356825    -3.6551578644
    2.4824120603    -3.4200175969    -3.6994714128    -3.6853396349
    2.5025125628    -3.3742092232    -3.6992065975    -3.7085405721
    2.5226130653    -3.3256296105    -3.6935909020    -3.7240476585
    2.5427135678    -3.2745895970    -3.6826748192    -3.7328142955
    2.5628140703    -3.2213813597    -3.6662704603    -3.7354559669
    2.5829145729    -3.1662790562    -3.6454252521    -3.7323697408
    2.6030150754    -3.1095394886    -3.6213784572    -3.7237467188
    2.6231155779    -3.0514067896    -3.5937638711    -3.7095584621
    2.6432160804    -2.9913476239    -3.5624105379    -3.6908010399
    2.6633165829    -2.9298772515    -3.5276352010    -3.6678044905
    2.6834170854    -2.8685043517    -3.4897389121    -3.6408853827
    2.7035175879    -2.8065796155    -3.4490074346    -3.6103468800
    2.7236180905    -2.7442660870    -3.4057116640    -3.5764788724
    2.7437185930    -2.6818071722    -3.3601080569    -3.5395581403
    2.7638190955    -2.6195273972    -3.3124390748    -3.4998486628
    2.7839195980    -2.5576823740    -3.2629336263    -3.4580089223
    2.8040201005    -2.4961053932    -3.2118067759    -3.4140948159
    2.8241206030    -2.4347305517    -3.1592475189    -3.3680896188
    2.8442211055    -2.3736595450    -3.1048645272    -3.3202093128
    2.8643216080    -2.3129839126    -3.0493881163    -3.2713011270
    2.8844221106    -2.2528006833    -2.9931050939    -3.2222099194
    2.9045226131    -2.1930786796    -2.9350529013    -3.1717243110
    2.9246231156    -2.1338417659    -2.8761356292    -3.1200241376
    2.9447236181    -2.0752199173    -2.8170406424    -3.0673405988
    2.9648241206    -2.0173645229    -2.7581743335    -3.0122868878
    2.9849246231    -1.9603054143    -2.6991583259    -2.9559564234
    3.0050251256    -1.9040865154    -2.6401039865    -2.8991331805
    3.0251256281    -1.8487452157    -2.5811091834    -2.8419257520
    3.0452261307    -1.7943140334    -2.5230210487    -2.7844490984
    3.0653266332    -1.7408207165    -2.4654644942    -2.7268104036
    3.0854271357    -1.6882870902    -2.4081811116    -2.6691093531
    3.1055276382    -1.6367341400    -2.3512422399    -2.6114385329
    3.1256281407    -1.5861976425    -2.2947206631    -2.5538837538
    3.1457286432    -1.5366330446    -2.2386652154    -2.4965243331
    3.1658291457    -1.4880053879    -2.1830348018    -2.4394334614
    3.1859296482    -1.4400711469    -2.1278602121    -2.3826785003
    3.2060301508    -1.3927506698    -2.0732577215    -2.3263198769
    3.2261306533    -1.3463851145    -2.0193407970    -2.2704294092
    3.2462311558    -1.3011579227    -1.9661275070    -2.2149755605
    3.2663316583    -1.2570076083    -1.9136507520    -2.1599588974
    3.2864321608    -1.2138962795    -1.8619388654    -2.1054425578
    3.3065326633    -1.1718243654    -1.8110163423    -2.0515703534
    3.3266331658    -1.1307851392    -1.7609031004    -1.9983788672
    3.3467336683    -1.0907672294    -1.7116225678    -1.9458908590
    3.3668341708    -1.0517574760    -1.6631881871    -1.8941353042
    3.3869346734    -1.0137460707    -1.6155956906    -1.8431359185
    3.4070351759    -0.9767170867    -1.5688589138    -1.7931436375
    3.4271356784    -0.9406509918    -1.5228948434    -1.7440621704
    3.4472361809    -0.9055426677    -1.4776587059    -1.6957771976
    3.4673366834    -0.8713779152    -1.4331507542    -1.6483027480
    3.4874371859    -0.8381205718    -1.3892956563    -1.6016703541
    3.5075376884    -0.8057565812    -1.3461818399    -1.5561110193
    3.5276381909    -0.7742897823    -1.3039891197    -1.5117884620
    3.5477386935    -0.7437120756    -1.2627413408    -1.4681027808
    3.5678391960    -0.7139421027    -1.2224005884    -1.4248759485
    3.5879396985    -0.6848577441    -1.1829529404    -1.3822547041
    3.6080402010    -0.6565525778    -1.1443928077    -1.3404994868
    3.6281407035    -0.6291248261    -1.1067139919    -1.2996585072
    3.6482412060    -0.6026445431    -1.0699087730    -1.2596807265
    3.6683417085    -0.5771586940    -1.0339659696    -1.2205432102
    3.6884422111    -0.5527325143    -0.9988723468    -1.1822493697
    3.7085427136    -0.5295048323    -0.9646193603    -1.1447949665
    3.7286432161    -0.5072284667    -0.9311942885    -1.1081738378
    3.7487437186    -0.4855728196    -0.8985901574    -1.0723745903
    3.7688442211    -0.4643017778    -0.8667858549    -1.0373931918
    3.7889447236    -0.4432536629    -0.8357669534    -1.0032222510
    3.8090452261    -0.4223248130    -0.8055176428    -0.9698432287
    3.8291457286    -0.4014561984    -0.7760412444    -0.9372490776
    3.8492462312    -0.3806225599    -0.7473322993    -0.9054385218
    3.8693467337    -0.3598236479    -0.7193074628    -0.8744009361
    3.8894472362    -0.3390679553    -0.6919129425    -0.8441033836
    3.9095477387    -0.3182667244    -0.6651601887    -0.8145378451
    3.9296482412    -0.2975725140    -0.6391385878    -0.7857078531
    3.9497487437    -0.2771949472    -0.6139146952    -0.7576175277
    3.9698492462    -0.2572933582    -0.5895359410    -0.7302487274
    3.9899497487    -0.2379860417    -0.5660445578    -0.7034507905
    4.0100502513    -0.2193579587    -0.5435332265    -0.6772357954
    4.0301507538    -0.2014693511    -0.5220155008    -0.6516930561
    4.0502512563    -0.1855927950    -0.5012274788    -0.6268901967
    4.0703517588    -0.1720718007    -0.4809178881    -0.6028766359
    4.0904522613    -0.1591972067    -0.4609046818    -0.5796865750
    4.1105527638    -0.1469595811    -0.4410611859    -0.5573480532
    4.1306532663    -0.1353448875    -0.4213045958    -0.5360342191
    4.1507537688    -0.1243356294    -0.4015850113    -0.5155832972
    4.1708542714    -0.1139117869    -0.3823542899    -0.4957267291
    4.1909547739    -0.1040515797    -0.3633508789    -0.4762649037
    4.2110552764    -0.0947320846    -0.3443903301    -0.4570539375
    4.2311557789    -0.0859297317    -0.3254091173    -0.4379946166
    4.2512562814    -0.0776206997    -0.3064498697    -0.4190231785
    4.2713567839    -0.0697820389    -0.2876911423    -0.4001036587
    4.2914572864    -0.0623934382    -0.2697280600    -0.3812215628
    4.3115577889    -0.0570258728    -0.2537168449    -0.3623786616
    4.3316582915    -0.0521076829    -0.2381904121    -0.3435859651
    4.3517587940    -0.0474565254    -0.2231895190    -0.3247740828
    4.3718592965    -0.0430584661    -0.2087419688    -0.3060116389
    4.3919597990    -0.0389003061    -0.1948649388    -0.2874638586
    4.4120603015    -0.0349698417    -0.1815669475    -0.2692629655
    4.4321608040    -0.0315841201    -0.1688495115    -0.2515107431
    4.4522613065    -0.0294168508    -0.1567085389    -0.2342837218
    4.4723618090    -0.0273579819    -0.1451354969    -0.2176375709
    4.4924623116    -0.0254023102    -0.1341183887    -0.2016108103
    4.5125628141    -0.0235448590    -0.1236425658    -0.1862279413
    4.5326633166    -0.0217808721    -0.1136914038    -0.1715020818
    4.5527638191    -0.0201058063    -0.1042468596    -0.1574371796
    4.5728643216    -0.0185153247    -0.0952899302    -0.1440298655
    4.5929648241    -0.0170052888    -0.0868010276    -0.1312710017
    4.6130653266    -0.0155717514    -0.0787602833    -0.1191469706
    4.6331658292    -0.0142109493    -0.0711477931    -0.1076407437
    4.6532663317    -0.0129192956    -0.0639438129    -0.0967327654
    4.6733668342    -0.0116933728    -0.0571289121    -0.0864016791
    4.6934673367    -0.0105299254    -0.0506840936    -0.0766249218
    4.7135678392    -0.0094258531    -0.0445908837    -0.0673792065
    4.7336683417    -0.0083782043    -0.0388313992    -0.0586409126
    4.7537688442    -0.0073841690    -0.0333883948    -0.0503863972
    4.7738693467    -0.0064410728    -0.0282455310    -0.0425926024
    4.7939698492    -0.0055463707    -0.0233810286    -0.0352275826
    4.8140703518    -0.0046976412    -0.0195205081    -0.0293922826
    4.8341708543    -0.0038925805    -0.0161515319    -0.0243061699
    4.8542713568    -0.0031289971    -0.0129682014    -0.0195047169
    4.8743718593    -0.0024048067    -0.0099554917    -0.0149650124
    4.8944723618    -0.0017180269    -0.0071044584    -0.0106733001
    4.9145728643    -0.0010667725    -0.0044065904    -0.0066164353
    4.9346733668    -0.0004496774    -0.0018555596    -0.0027845276
    4.9547738694     0.0000000000     0.0000000000     0.0000000000
    4.9748743719     0.0000000000     0.0000000000     0.0000000000
    4.9949748744     0.0000000000     0.0000000000     0.0000000000
    5.0150753769     0.0000000000     0.0000000000     0.0000000000
    5.0351758794     0.0000000000     0.0000000000     0.0000000000
    5.0552763819     0.0000000000     0.0000000000     0.0000000000
    5.0753768844     0.0000000000     0.0000000000     0.0000000000
    5.0954773869     0.0000000000     0.0000000000     0.0000000000
    5.1155778894     0.0000000000     0.0000000000     0.0000000000
    5.1356783920     0.0000000000     0.0000000000     0.0000000000
    5.1557788945     0.0000000000     0.0000000000     0.0000000000
    5.1758793970     0.0000000000     0.0000000000     0.0000000000
    5.1959798995     0.0000000000     0.0000000000     0.0000000000
    5.2160804020     0.0000000000     0.0000000000     0.0000000000
    5.2361809045     0.0000000000     0.0000000000     0.0000000000
    5.2562814070     0.0000000000     0.0000000000     0.0000000000
    5.2763819096     0.0000000000     0.0000000000     0.0000000000
    5.2964824121     0.0000000000     0.0000000000     0.0000000000
    5.3165829146     0.0000000000     0.0000000000     0.0000000000
    5.3366834171     0.0000000000     0.0000000000     0.0000000000
    5.3567839196     0.0000000000     0.0000000000     0.0000000000
    5.3768844221     0.0000000000     0.0000000000     0.0000000000
    5.3969849246     0.0000000000     0.0000000000     0.0000000000
    5.4170854271     0.0000000000     0.0000000000     0.0000000000
    5.4371859297     0.0000000000     0.0000000000     0.0000000000
    5.4572864322     0.0000000000     0.0000000000     0.0000000000
    5.4773869347     0.0000000000     0.0000000000     0.0000000000
    5.4974874372     0.0000000000     0.0000000000     0.0000000000
    5.5175879397     0.0000000000     0.0000000000     0.0000000000
    5.5376884422     0.0000000000     0.0000000000     0.0000000000
    5.5577889447     0.0000000000     0.0000000000     0.0000000000
    5.5778894472     0.0000000000     0.0000000000     0.0000000000
    5.5979899497     0.0000000000     0.0000000000     0.0000000000
    5.6180904523     0.0000000000     0.0000000000     0.0000000000
    5.6381909548     0.0000000000     0.0000000000     0.0000000000
    5.6582914573     0.0000000000     0.0000000000     0.0000000000
    5.6783919598     0.0000000000     0.0000000000     0.0000000000
    5.6984924623     0.0000000000     0.0000000000     0.0000000000
    5.7185929648     0.0000000000     0.0000000000     0.0000000000
    5.7386934673     0.0000000000     0.0000000000     0.0000000000
    5.7587939699     0.0000000000     0.0000000000     0.0000000000
    5.7788944724     0.0000000000     0.0000000000     0.0000000000
    5.7989949749     0.0000000000     0.0000000000     0.0000000000
    5.8190954774     0.0000000000     0.0000000000     0.0000000000
    5.8391959799     0.0000000000     0.0000000000     0.0000000000
    5.8592964824     0.0000000000     0.0000000000     0.0000000000
    5.8793969849     0.0000000000     0.0000000000     0.0000000000
    5.8994974874     0.0000000000     0.0000000000     0.0000000000
    5.9195979899     0.0000000000     0.0000000000     0.0000000000
    5.9396984925     0.0000000000     0.0000000000     0.0000000000
    5.9597989950     0.0000000000     0.0000000000     0.0000000000
    5.9798994975     0.0000000000     0.0000000000     0.0000000000
    6.0000000000     0.0000000000     0.0000000000     0.0000000000