# Cohesive energy (eV) vs. nearest neighbor radial distance (Angstrom).
# potential = 1985--Foiles-S-M--Ni-Cu
# composition = Cu2Ni

# NOTE: These values are for static, unrelaxed structures and use the ideal
# b/a and c/a ratios for the crystal structure, not the potential-specific
# values.

# Calculations from the NIST Interatomic Potential Repository Project:
# http://www.ctcms.nist.gov/potentials/

# Table generated 2017-10-01

   r                C1--CaF2        
    2.0000000000    -1.0059216178
    2.0201005025    -1.2699900189
    2.0402010050    -1.5067415133
    2.0603015075    -1.7211134790
    2.0804020100    -1.9182588931
    2.1005025126    -2.0993819129
    2.1206030151    -2.2648761208
    2.1407035176    -2.4155567357
    2.1608040201    -2.5523855993
    2.1809045226    -2.6758603470
    2.2010050251    -2.7859656444
    2.2211055276    -2.8831647396
    2.2412060301    -2.9691157267
    2.2613065327    -3.0444075670
    2.2814070352    -3.1096125807
    2.3015075377    -3.1649362376
    2.3216080402    -3.2104613507
    2.3417085427    -3.2475847837
    2.3618090452    -3.2767994342
    2.3819095477    -3.2985900893
    2.4020100502    -3.3134249424
    2.4221105528    -3.3216359796
    2.4422110553    -3.3231484032
    2.4623115578    -3.3190718934
    2.4824120603    -3.3099674605
    2.5025125628    -3.2963147172
    2.5226130653    -3.2788680040
    2.5427135678    -3.2574365993
    2.5628140703    -3.2321701008
    2.5829145729    -3.2035861086
    2.6030150754    -3.1725026482
    2.6231155779    -3.1387357470
    2.6432160804    -3.1022325014
    2.6633165829    -3.0632595960
    2.6834170854    -3.0220688101
    2.7035175879    -2.9788975122
    2.7236180905    -2.9339691894
    2.7437185930    -2.8875311164
    2.7638190955    -2.8381424674
    2.7839195980    -2.7872932977
    2.8040201005    -2.7355522684
    2.8241206030    -2.6830673509
    2.8442211055    -2.6299823299
    2.8643216080    -2.5764312004
    2.8844221106    -2.5225386560
    2.9045226131    -2.4684204609
    2.9246231156    -2.4141842525
    2.9447236181    -2.3601602194
    2.9648241206    -2.3068612243
    2.9849246231    -2.2536685019
    3.0050251256    -2.2006680562
    3.0251256281    -2.1479504428
    3.0452261307    -2.0963291565
    3.0653266332    -2.0452925725
    3.0854271357    -1.9945319571
    3.1055276382    -1.9441785410
    3.1256281407    -1.8943701241
    3.1457286432    -1.8451296529
    3.1658291457    -1.7964942337
    3.1859296482    -1.7484995570
    3.2060301508    -1.7011752286
    3.2261306533    -1.6545456167
    3.2462311558    -1.6086559418
    3.2663316583    -1.5634897364
    3.2864321608    -1.5190328416
    3.3065326633    -1.4751512096
    3.3266331658    -1.4316788453
    3.3467336683    -1.3888256655
    3.3668341708    -1.3468461554
    3.3869346734    -1.3057419836
    3.4070351759    -1.2654731459
    3.4271356784    -1.2260356395
    3.4472361809    -1.1874348988
    3.4673366834    -1.1496722398
    3.4874371859    -1.1127376649
    3.5075376884    -1.0766296040
    3.5276381909    -1.0413488866
    3.5477386935    -1.0068778911
    3.5678391960    -0.9732098044
    3.5879396985    -0.9403462956
    3.6080402010    -0.9082823762
    3.6281407035    -0.8769834498
    3.6482412060    -0.8464466093
    3.6683417085    -0.8166770103
    3.6884422111    -0.7876793265
    3.7085427136    -0.7594073944
    3.7286432161    -0.7317463393
    3.7487437186    -0.7047626317
    3.7688442211    -0.6785210542
    3.7889447236    -0.6530690618
    3.8090452261    -0.6284236295
    3.8291457286    -0.6045532755
    3.8492462312    -0.5815990639
    3.8693467337    -0.5595016623
    3.8894472362    -0.5380663048
    3.9095477387    -0.5171529067
    3.9296482412    -0.4966643672
    3.9497487437    -0.4765369942
    3.9698492462    -0.4567604973
    3.9899497487    -0.4373335188
    4.0100502513    -0.4181695577
    4.0301507538    -0.3992094655
    4.0502512563    -0.3803878990
    4.0703517588    -0.3616449728
    4.0904522613    -0.3430842436
    4.1105527638    -0.3247979256
    4.1306532663    -0.3068584198
    4.1507537688    -0.2893217560
    4.1708542714    -0.2722304629
    4.1909547739    -0.2556159520
    4.2110552764    -0.2394979255
    4.2311557789    -0.2238604303
    4.2512562814    -0.2087356777
    4.2713567839    -0.1941610603
    4.2914572864    -0.1805903659
    4.3115577889    -0.1689782286
    4.3316582915    -0.1578499615
    4.3517587940    -0.1472065326
    4.3718592965    -0.1370444064
    4.3919597990    -0.1273564685
    4.4120603015    -0.1181328004
    4.4321608040    -0.1093613263
    4.4522613065    -0.1010283528
    4.4723618090    -0.0931190160
    4.4924623116    -0.0856176512
    4.5125628141    -0.0785080952
    4.5326633166    -0.0717739343
    4.5527638191    -0.0653987037
    4.5728643216    -0.0593660491
    4.5929648241    -0.0536598532
    4.6130653266    -0.0482643358
    4.6331658292    -0.0431641295
    4.6532663317    -0.0383443377
    4.6733668342    -0.0337905748
    4.6934673367    -0.0294889945
    4.7135678392    -0.0254263072
    4.7336683417    -0.0215897885
    4.7537688442    -0.0179672803
    4.7738693467    -0.0145474982
    4.7939698492    -0.0113116602
    4.8140703518    -0.0092247835
    4.8341708543    -0.0076254920
    4.8542713568    -0.0061199589
    4.8743718593    -0.0046962156
    4.8944723618    -0.0033499266
    4.9145728643    -0.0020769635
    4.9346733668    -0.0008742338
    4.9547738694     0.0000000000
    4.9748743719     0.0000000000
    4.9949748744     0.0000000000
    5.0150753769     0.0000000000
    5.0351758794     0.0000000000
    5.0552763819     0.0000000000
    5.0753768844     0.0000000000
    5.0954773869     0.0000000000
    5.1155778894     0.0000000000
    5.1356783920     0.0000000000
    5.1557788945     0.0000000000
    5.1758793970     0.0000000000
    5.1959798995     0.0000000000
    5.2160804020     0.0000000000
    5.2361809045     0.0000000000
    5.2562814070     0.0000000000
    5.2763819096     0.0000000000
    5.2964824121     0.0000000000
    5.3165829146     0.0000000000
    5.3366834171     0.0000000000
    5.3567839196     0.0000000000
    5.3768844221     0.0000000000
    5.3969849246     0.0000000000
    5.4170854271     0.0000000000
    5.4371859297     0.0000000000
    5.4572864322     0.0000000000
    5.4773869347     0.0000000000
    5.4974874372     0.0000000000
    5.5175879397     0.0000000000
    5.5376884422     0.0000000000
    5.5577889447     0.0000000000
    5.5778894472     0.0000000000
    5.5979899497     0.0000000000
    5.6180904523     0.0000000000
    5.6381909548     0.0000000000
    5.6582914573     0.0000000000
    5.6783919598     0.0000000000
    5.6984924623     0.0000000000
    5.7185929648     0.0000000000
    5.7386934673     0.0000000000
    5.7587939699     0.0000000000
    5.7788944724     0.0000000000
    5.7989949749     0.0000000000
    5.8190954774     0.0000000000
    5.8391959799     0.0000000000
    5.8592964824     0.0000000000
    5.8793969849     0.0000000000
    5.8994974874     0.0000000000
    5.9195979899     0.0000000000
    5.9396984925     0.0000000000
    5.9597989950     0.0000000000
    5.9798994975     0.0000000000
    6.0000000000     0.0000000000