# Cohesive energy (eV) vs. nearest neighbor radial distance (Angstrom).
# potential = 1985--Foiles-S-M--Ni-Cu
# composition = CuNi

# NOTE: These values are for static, unrelaxed structures and use the ideal
# b/a and c/a ratios for the crystal structure, not the potential-specific
# values.

# Calculations from the NIST Interatomic Potential Repository Project:
# http://www.ctcms.nist.gov/potentials/

# Table generated 2017-10-01

   r                B1--NaCl         B2--CsCl         B3--ZnS          L1_0--AuCu      
    2.0000000000    -1.4527492479    -0.5070038080    -1.4100060428     0.1942372250
    2.0201005025    -1.6971711394    -0.9209375099    -1.5749312551    -0.2810519218
    2.0402010050    -1.9156479266    -1.2938774164    -1.7254277382    -0.7115110191
    2.0603015075    -2.1097377143    -1.6290252939    -1.8603887779    -1.1005496151
    2.0804020100    -2.2812230479    -1.9294073149    -1.9824335635    -1.4518241218
    2.1005025126    -2.4320068269    -2.1982918920    -2.0918960431    -1.7685251778
    2.1206030151    -2.5638478777    -2.4376205219    -2.1900474939    -2.0526412513
    2.1407035176    -2.6796752342    -2.6490186468    -2.2775265108    -2.3067992616
    2.1608040201    -2.7851286095    -2.8354652701    -2.3550916751    -2.5338185175
    2.1809045226    -2.8801610185    -2.9991158531    -2.4231697626    -2.7354540935
    2.2010050251    -2.9648587160    -3.1417923292    -2.4822635442    -2.9127326034
    2.2211055276    -3.0404264390    -3.2652453860    -2.5329144729    -3.0682879855
    2.2412060301    -3.1077227291    -3.3710955296    -2.5756430781    -3.2043528988
    2.2613065327    -3.1659991349    -3.4608430896    -2.6109491028    -3.3221815641
    2.2814070352    -3.2153623533    -3.5374041448    -2.6393116772    -3.4233217387
    2.3015075377    -3.2552214036    -3.6047830313    -2.6611991190    -3.5110632387
    2.3216080402    -3.2862768225    -3.6634564533    -2.6764981338    -3.5891973069
    2.3417085427    -3.3103554609    -3.7138169495    -2.6861782432    -3.6581304423
    2.3618090452    -3.3278348721    -3.7562404294    -2.6906707123    -3.7180779180
    2.3819095477    -3.3390897593    -3.7910897106    -2.6903502581    -3.7694703039
    2.4020100502    -3.3445383070    -3.8187806429    -2.6855737393    -3.8128691745
    2.4221105528    -3.3450490469    -3.8399646807    -2.6766805051    -3.8491822087
    2.4422110553    -3.3403558450    -3.8537432104    -2.6639928006    -3.8778124690
    2.4623115578    -3.3308093511    -3.8614087980    -2.6478161706    -3.8984480361
    2.4824120603    -3.3168293659    -3.8633816505    -2.6284399679    -3.9126179064
    2.5025125628    -3.2986300170    -3.8600414685    -2.6061375372    -3.9207183588
    2.5226130653    -3.2761138498    -3.8506893756    -2.5817624243    -3.9228747133
    2.5427135678    -3.2500278340    -3.8363754314    -2.5550967770    -3.9194160143
    2.5628140703    -3.2206529506    -3.8174533769    -2.5262119081    -3.9106650238
    2.5829145729    -3.1882585218    -3.7944858020    -2.4955027234    -3.8964820081
    2.6030150754    -3.1531027240    -3.7684597347    -2.4636380165    -3.8762131945
    2.6231155779    -3.1154325107    -3.7390037005    -2.4304170704    -3.8516877694
    2.6432160804    -3.0754835897    -3.7059336473    -2.3948877441    -3.8231782885
    2.6633165829    -3.0334804605    -3.6689769558    -2.3574192718    -3.7909686058
    2.6834170854    -2.9896365140    -3.6289925408    -2.3188681037    -3.7548509320
    2.7035175879    -2.9441541612    -3.5862330191    -2.2793921763    -3.7155249091
    2.7236180905    -2.8972250130    -3.5409381639    -2.2390833757    -3.6740613949
    2.7437185930    -2.8490301029    -3.4933387522    -2.1979061663    -3.6299319193
    2.7638190955    -2.7997402218    -3.4436563989    -2.1559518921    -3.5833671035
    2.7839195980    -2.7498316359    -3.3921034392    -2.1134509374    -3.5347102881
    2.8040201005    -2.6993096601    -3.3388828687    -2.0706481967    -3.4847415191
    2.8241206030    -2.6477138614    -3.2841883254    -2.0276076089    -3.4338546970
    2.8442211055    -2.5945806328    -3.2282041161    -1.9844146371    -3.3813918504
    2.8643216080    -2.5413413640    -3.1711052891    -1.9411516502    -3.3274221655
    2.8844221106    -2.4883386589    -3.1130577317    -1.8978927095    -3.2721319336
    2.9045226131    -2.4351846806    -3.0542183073    -1.8547064798    -3.2158652204
    2.9246231156    -2.3819732239    -2.9947354541    -1.8116562299    -3.1588034028
    2.9447236181    -2.3288275598    -2.9350633160    -1.7692400594    -3.1009095932
    2.9648241206    -2.2756650420    -2.8759012764    -1.7283126268    -3.0423332737
    2.9849246231    -2.2224514950    -2.8151355417    -1.6875818313    -2.9832157939
    3.0050251256    -2.1693089268    -2.7540666655    -1.6471120098    -2.9231538585
    3.0251256281    -2.1165263381    -2.6929940802    -1.6069492784    -2.8619251072
    3.0452261307    -2.0641587654    -2.6324658426    -1.5678052869    -2.8005960880
    3.0653266332    -2.0122471927    -2.5723002100    -1.5293092383    -2.7392689276
    3.0854271357    -1.9608428759    -2.5123808616    -1.4911985511    -2.6780386048
    3.1055276382    -1.9099890169    -2.4527859324    -1.4535024225    -2.6169929470
    3.1256281407    -1.8597248145    -2.3935866882    -1.4162527556    -2.5562132487
    3.1457286432    -1.8100852754    -2.3348536665    -1.3794879998    -2.4957746263
    3.1658291457    -1.7611012872    -2.2766467187    -1.3431963779    -2.4357462128
    3.1859296482    -1.7128006722    -2.2187982292    -1.3073804320    -2.3761914855
    3.2060301508    -1.6652071306    -2.1613069610    -1.2719387389    -2.3171668800
    3.2261306533    -1.6183420650    -2.1043932820    -1.2367845092    -2.2587374742
    3.2462311558    -1.5722233340    -2.0482421099    -1.2020805410    -2.2009185185
    3.2663316583    -1.5268655261    -1.9928511248    -1.1680019689    -2.1435334032
    3.2864321608    -1.4822799631    -1.9382561816    -1.1345568713    -2.0869396440
    3.3065326633    -1.4384922328    -1.8844847960    -1.1017215124    -2.0311296674
    3.3266331658    -1.3954834390    -1.8315614134    -1.0694926745    -1.9761285906
    3.3467336683    -1.3532324663    -1.7795064704    -1.0378804819    -1.9219312276
    3.3668341708    -1.3116125836    -1.7283378865    -1.0068940045    -1.8685727443
    3.3869346734    -1.2705020033    -1.6780702481    -0.9765360238    -1.8162498368
    3.4070351759    -1.2312609960    -1.6287157009    -0.9467989138    -1.7648876620
    3.4271356784    -1.1934806902    -1.5802813129    -0.9176798826    -1.7144042682
    3.4472361809    -1.1564859669    -1.5327842024    -0.8891812801    -1.6648123627
    3.4673366834    -1.1202479938    -1.4862249376    -0.8613006635    -1.6161198343
    3.4874371859    -1.0847638527    -1.4405721767    -0.8340442164    -1.5683456039
    3.5075376884    -1.0504785158    -1.3957614343    -0.8074193292    -1.5214887622
    3.5276381909    -1.0176972292    -1.3516126306    -0.7813828457    -1.4755191212
    3.5477386935    -0.9856303600    -1.3081864771    -0.7558727866    -1.4305786449
    3.5678391960    -0.9542801842    -1.2657116800    -0.7309311927    -1.3863483534
    3.5879396985    -0.9236324037    -1.2242297996    -0.7065946780    -1.3428177340
    3.6080402010    -0.8936739350    -1.1836906179    -0.6828928883    -1.3002093026
    3.6281407035    -0.8644063244    -1.1440758566    -0.6598159567    -1.2585709824
    3.6482412060    -0.8358345728    -1.1053847681    -0.6373102060    -1.2179094366
    3.6683417085    -0.8079588644    -1.0676104239    -0.6154307968    -1.1782890139
    3.6884422111    -0.7807521825    -1.0307309707    -0.5942348381    -1.1395669282
    3.7085427136    -0.7541360260    -0.9947393332    -0.5738226941    -1.1017382085
    3.7286432161    -0.7281331827    -0.9596337592    -0.5541382332    -1.0647949772
    3.7487437186    -0.7027858745    -0.9253935668    -0.5351051879    -1.0287233577
    3.7688442211    -0.6780994779    -0.8919906526    -0.5166917038    -0.9935127167
    3.7889447236    -0.6540173769    -0.8594245271    -0.4988910628    -0.9591526146
    3.8090452261    -0.6306016487    -0.8276908598    -0.4815355175    -0.9256334131
    3.8291457286    -0.6079079104    -0.7967676425    -0.4644900038    -0.8929428597
    3.8492462312    -0.5859817664    -0.7666362200    -0.4476591859    -0.8610628788
    3.8693467337    -0.5649248512    -0.7372008145    -0.4309793141    -0.8299739780
    3.8894472362    -0.5446764922    -0.7085071493    -0.4144114741    -0.7996702023
    3.9095477387    -0.5251898017    -0.6805271100    -0.3979360117    -0.7701568515
    3.9296482412    -0.5063940646    -0.6532734652    -0.3815479499    -0.7414014750
    3.9497487437    -0.4880802296    -0.6268379517    -0.3652532413    -0.7133095215
    3.9698492462    -0.4700920695    -0.6012866235    -0.3490468050    -0.6858378199
    3.9899497487    -0.4523197856    -0.5766894284    -0.3329261536    -0.6590693003
    4.0100502513    -0.4346903744    -0.5531443581    -0.3169095038    -0.6330920516
    4.0301507538    -0.4171596643    -0.5305636203    -0.3010758655    -0.6079699519
    4.0502512563    -0.3997057592    -0.5088082225    -0.2855280290    -0.5837468690
    4.0703517588    -0.3823236674    -0.4875762150    -0.2703456170    -0.5604900825
    4.0904522613    -0.3650209244    -0.4666456830    -0.2555889853    -0.5383239947
    4.1105527638    -0.3478102869    -0.4458645268    -0.2413025262    -0.5170518178
    4.1306532663    -0.3306399972    -0.4251353861    -0.2275174626    -0.4963641806
    4.1507537688    -0.3135548570    -0.4044001431    -0.2142542064    -0.4760356907
    4.1708542714    -0.2966937637    -0.3846663263    -0.2015243473    -0.4559086898
    4.1909547739    -0.2801665660    -0.3653798061    -0.1893323238    -0.4358789984
    4.2110552764    -0.2640574725    -0.3461306003    -0.1776768265    -0.4158841768
    4.2311557789    -0.2484294735    -0.3268292945    -0.1665519729    -0.3958938971
    4.2512562814    -0.2333280710    -0.3075934104    -0.1559482886    -0.3759020875
    4.2713567839    -0.2187844218    -0.2886064884    -0.1458535237    -0.3559205578
    4.2914572864    -0.2048179797    -0.2703086758    -0.1362533305    -0.3359159059
    4.3115577889    -0.1914387132    -0.2534941410    -0.1271318235    -0.3158739425
    4.3316582915    -0.1786489628    -0.2372205014    -0.1184720400    -0.2960011896
    4.3517587940    -0.1664449920    -0.2215308704    -0.1102563175    -0.2764681086
    4.3718592965    -0.1548182805    -0.2064535818    -0.1024666003    -0.2574049894
    4.3919597990    -0.1437565975    -0.1920049873    -0.0950846878    -0.2389090973
    4.4120603015    -0.1332448913    -0.1781917974    -0.0880924324    -0.2210506691
    4.4321608040    -0.1232660219    -0.1650130325    -0.0814718976    -0.2038779351
    4.4522613065    -0.1138013633    -0.1524616474    -0.0752054802    -0.1874213157
    4.4723618090    -0.1048312959    -0.1405258785    -0.0692760052    -0.1716969212
    4.4924623116    -0.0963356056    -0.1291903578    -0.0636667968    -0.1567094629
    4.5125628141    -0.0882938061    -0.1184370300    -0.0583617296    -0.1424546661
    4.5326633166    -0.0806853961    -0.1082459049    -0.0533452641    -0.1289212669
    4.5527638191    -0.0734900634    -0.0985956711    -0.0486024691    -0.1160926566
    4.5728643216    -0.0666878439    -0.0894641945    -0.0441190345    -0.1039482311
    4.5929648241    -0.0602592441    -0.0808289189    -0.0398812740    -0.0924644943
    4.6130653266    -0.0541853323    -0.0726671870    -0.0358761225    -0.0816161871
    4.6331658292    -0.0484478055    -0.0649564934    -0.0320911276    -0.0718002346
    4.6532663317    -0.0430290357    -0.0576746826    -0.0285144368    -0.0633483349
    4.6733668342    -0.0379120994    -0.0508001008    -0.0251347822    -0.0553468464
    4.6934673367    -0.0330807937    -0.0443117099    -0.0219414623    -0.0477989311
    4.7135678392    -0.0285196415    -0.0381891708    -0.0189243224    -0.0406811921
    4.7336683417    -0.0242138891    -0.0324129009    -0.0160737340    -0.0339708931
    4.7537688442    -0.0201494956    -0.0269641120    -0.0133805731    -0.0276463175
    4.7738693467    -0.0163134692    -0.0218252991    -0.0108364324    -0.0218252991
    4.7939698492    -0.0126844353    -0.0169676908    -0.0084273273    -0.0169676908
    4.8140703518    -0.0103474499    -0.0138371753    -0.0068771559    -0.0138371753
    4.8341708543    -0.0085572388    -0.0114382381    -0.0056900450    -0.0114382381
    4.8542713568    -0.0068707658    -0.0091799384    -0.0045707983    -0.0091799384
    4.8743718593    -0.0052746743    -0.0070443234    -0.0035106220    -0.0070443234
    4.8944723618    -0.0037642032    -0.0050248899    -0.0025064506    -0.0050248899
    4.9145728643    -0.0023348293    -0.0031154452    -0.0015553731    -0.0031154452
    4.9346733668    -0.0009831956    -0.0013113507    -0.0006552514    -0.0013113507
    4.9547738694     0.0000000000     0.0000000000     0.0000000000     0.0000000000
    4.9748743719     0.0000000000     0.0000000000     0.0000000000     0.0000000000
    4.9949748744     0.0000000000     0.0000000000     0.0000000000     0.0000000000
    5.0150753769     0.0000000000     0.0000000000     0.0000000000     0.0000000000
    5.0351758794     0.0000000000     0.0000000000     0.0000000000     0.0000000000
    5.0552763819     0.0000000000     0.0000000000     0.0000000000     0.0000000000
    5.0753768844     0.0000000000     0.0000000000     0.0000000000     0.0000000000
    5.0954773869     0.0000000000     0.0000000000     0.0000000000     0.0000000000
    5.1155778894     0.0000000000     0.0000000000     0.0000000000     0.0000000000
    5.1356783920     0.0000000000     0.0000000000     0.0000000000     0.0000000000
    5.1557788945     0.0000000000     0.0000000000     0.0000000000     0.0000000000
    5.1758793970     0.0000000000     0.0000000000     0.0000000000     0.0000000000
    5.1959798995     0.0000000000     0.0000000000     0.0000000000     0.0000000000
    5.2160804020     0.0000000000     0.0000000000     0.0000000000     0.0000000000
    5.2361809045     0.0000000000     0.0000000000     0.0000000000     0.0000000000
    5.2562814070     0.0000000000     0.0000000000     0.0000000000     0.0000000000
    5.2763819096     0.0000000000     0.0000000000     0.0000000000     0.0000000000
    5.2964824121     0.0000000000     0.0000000000     0.0000000000     0.0000000000
    5.3165829146     0.0000000000     0.0000000000     0.0000000000     0.0000000000
    5.3366834171     0.0000000000     0.0000000000     0.0000000000     0.0000000000
    5.3567839196     0.0000000000     0.0000000000     0.0000000000     0.0000000000
    5.3768844221     0.0000000000     0.0000000000     0.0000000000     0.0000000000
    5.3969849246     0.0000000000     0.0000000000     0.0000000000     0.0000000000
    5.4170854271     0.0000000000     0.0000000000     0.0000000000     0.0000000000
    5.4371859297     0.0000000000     0.0000000000     0.0000000000     0.0000000000
    5.4572864322     0.0000000000     0.0000000000     0.0000000000     0.0000000000
    5.4773869347     0.0000000000     0.0000000000     0.0000000000     0.0000000000
    5.4974874372     0.0000000000     0.0000000000     0.0000000000     0.0000000000
    5.5175879397     0.0000000000     0.0000000000     0.0000000000     0.0000000000
    5.5376884422     0.0000000000     0.0000000000     0.0000000000     0.0000000000
    5.5577889447     0.0000000000     0.0000000000     0.0000000000     0.0000000000
    5.5778894472     0.0000000000     0.0000000000     0.0000000000     0.0000000000
    5.5979899497     0.0000000000     0.0000000000     0.0000000000     0.0000000000
    5.6180904523     0.0000000000     0.0000000000     0.0000000000     0.0000000000
    5.6381909548     0.0000000000     0.0000000000     0.0000000000     0.0000000000
    5.6582914573     0.0000000000     0.0000000000     0.0000000000     0.0000000000
    5.6783919598     0.0000000000     0.0000000000     0.0000000000     0.0000000000
    5.6984924623     0.0000000000     0.0000000000     0.0000000000     0.0000000000
    5.7185929648     0.0000000000     0.0000000000     0.0000000000     0.0000000000
    5.7386934673     0.0000000000     0.0000000000     0.0000000000     0.0000000000
    5.7587939699     0.0000000000     0.0000000000     0.0000000000     0.0000000000
    5.7788944724     0.0000000000     0.0000000000     0.0000000000     0.0000000000
    5.7989949749     0.0000000000     0.0000000000     0.0000000000     0.0000000000
    5.8190954774     0.0000000000     0.0000000000     0.0000000000     0.0000000000
    5.8391959799     0.0000000000     0.0000000000     0.0000000000     0.0000000000
    5.8592964824     0.0000000000     0.0000000000     0.0000000000     0.0000000000
    5.8793969849     0.0000000000     0.0000000000     0.0000000000     0.0000000000
    5.8994974874     0.0000000000     0.0000000000     0.0000000000     0.0000000000
    5.9195979899     0.0000000000     0.0000000000     0.0000000000     0.0000000000
    5.9396984925     0.0000000000     0.0000000000     0.0000000000     0.0000000000
    5.9597989950     0.0000000000     0.0000000000     0.0000000000     0.0000000000
    5.9798994975     0.0000000000     0.0000000000     0.0000000000     0.0000000000
    6.0000000000     0.0000000000     0.0000000000     0.0000000000     0.0000000000