# Cohesive energy (eV) vs. nearest neighbor radial distance (Angstrom).
# potential = 1985--Foiles-S-M--Ni-Cu
# composition = Cu

# NOTE: These values are for static, unrelaxed structures and use the ideal
# b/a and c/a ratios for the crystal structure, not the potential-specific
# values.

# Calculations from the NIST Interatomic Potential Repository Project:
# http://www.ctcms.nist.gov/potentials/

# Table generated 2017-10-01

   r                A1--Cu--fcc      A15--beta-W      A2--W--bcc       A3'--alpha-La    A3--Mg--hcp      A4--C--dc        A5--beta-Sn      A6--In--bct      A7--alpha-As     Ah--alpha-Po--sc
    2.0000000000     1.0945704487    -2.3167793479    -0.0624904640     1.0965108639     1.0982030781    -1.5271325116    -1.5594758128     0.2380260789    -2.2032040707    -1.1685610640
    2.0201005025     0.6325244241    -2.4964181731    -0.4321779072     0.6341710987     0.6357719717    -1.6735760104    -1.7849912811    -0.1532672369    -2.3201877245    -1.4129148161
    2.0402010050     0.2129544735    -2.6562547923    -0.7723490036     0.2144708929     0.2159873122    -1.8041197106    -1.9887506561    -0.5139475422    -2.4219797826    -1.6362242161
    2.0603015075    -0.1696611691    -2.7976288441    -1.0847616688    -0.1682380432    -0.1668149174    -1.9199275890    -2.1721319046    -0.8459538044    -2.5096809802    -1.8387279256
    2.0804020100    -0.5229079382    -2.9218062319    -1.3710803968    -0.5216037657    -0.5202995933    -2.0220929077    -2.3364476461    -1.1509735194    -2.5847401479    -2.0213002175
    2.1005025126    -0.8485652622    -3.0299822351    -1.6328809717    -0.8479196327    -0.8472740031    -2.1116410680    -2.4829460535    -1.4306732526    -2.6479275541    -2.1852312992
    2.1206030151    -1.1482288953    -3.1235553920    -1.8716549563    -1.1481495580    -1.1480702206    -2.1895324273    -2.6128121264    -1.6871625999    -2.7002865423    -2.3317471036
    2.1407035176    -1.4234128053    -3.2035556546    -2.0888591059    -1.4238214616    -1.4242301180    -2.2567190818    -2.7271692962    -1.9211200940    -2.7430944664    -2.4620106093
    2.1608040201    -1.6755530987    -3.2707244447    -2.2852649303    -1.6763834386    -1.6772137785    -2.3144400309    -2.8273296792    -2.1339224374    -2.7766296358    -2.5771234858
    2.1809045226    -1.9060117649    -3.3270310207    -2.4616142549    -1.9072077559    -1.9084037469    -2.3631229610    -2.9144860825    -2.3258092624    -2.8017362141    -2.6781279749
    2.2010050251    -2.1160802483    -3.3722295554    -2.6203234226    -2.1175946508    -2.1191090532    -2.4033583739    -2.9890927831    -2.4982242119    -2.8190963365    -2.7660089393
    2.2211055276    -2.3069828515    -3.4066651236    -2.7624948008    -2.3085990208    -2.3102151902    -2.4358308901    -3.0520521765    -2.6543114467    -2.8293462844    -2.8425037635
    2.2412060301    -2.4798799916    -3.4316658976    -2.8891732569    -2.4812540089    -2.4826280262    -2.4611776440    -3.1035142842    -2.7945512290    -2.8334480957    -2.9082014734
    2.2613065327    -2.6358712920    -3.4479993089    -3.0013487139    -2.6370317946    -2.6381922972    -2.4799911490    -3.1451342776    -2.9195087521    -2.8319532221    -2.9630087559
    2.2814070352    -2.7759985406    -3.4563630217    -3.0999586078    -2.7769702735    -2.7779420063    -2.4928220667    -3.1779437618    -3.0301638109    -2.8250624873    -3.0080320837
    2.3015075377    -2.9012485075    -3.4574108409    -3.1858902851    -2.9020528462    -2.9028571849    -2.5001818465    -3.2028708104    -3.1274430171    -2.8132836393    -3.0440117037
    2.3216080402    -3.0125556312    -3.4517552651    -3.2599833215    -3.0132110382    -3.0138664451    -2.5025439474    -3.2199038204    -3.2122224496    -2.7970877638    -3.0716425672
    2.3417085427    -3.1108045806    -3.4399697978    -3.3230317475    -3.1113270012    -3.1118494218    -2.5003979674    -3.2297512392    -3.2853301824    -2.7769115946    -3.0915767309
    2.3618090452    -3.1968326972    -3.4225911521    -3.3757862062    -3.1972359034    -3.1976391096    -2.4920371048    -3.2331970653    -3.3475486914    -2.7532258587    -3.1044256098
    2.3819095477    -3.2714323235    -3.4001213225    -3.4189560314    -3.2717282114    -3.2720240993    -2.4794654337    -3.2312194882    -3.3996171501    -2.7247301395    -3.1107621446
    2.4020100502    -3.3353530211    -3.3730295716    -3.4532256610    -3.3355518679    -3.3357507147    -2.4636105966    -3.2238431032    -3.4422643314    -2.6922481079    -3.1111228787
    2.4221105528    -3.3893036878    -3.3417542941    -3.4783571463    -3.3894143734    -3.3895250590    -2.4447708034    -3.2112772319    -3.4767453336    -2.6573838991    -3.1060099520
    2.4422110553    -3.4339545716    -3.3067047985    -3.4956990705    -3.4339847699    -3.4340149682    -2.4232377082    -3.1939832491    -3.5022436894    -2.6204036741    -3.0958929973
    2.4623115578    -3.4699391959    -3.2682629801    -3.5059850086    -3.4698955383    -3.4698518806    -2.3992811530    -3.1723920071    -3.5199361436    -2.5815697155    -3.0812109629
    2.4824120603    -3.4978548194    -3.2270254132    -3.5099966873    -3.4976504865    -3.4974461535    -2.3731507114    -3.1469056395    -3.5307517177    -2.5411237584    -3.0626058179
    2.5025125628    -3.5182709876    -3.1834715711    -3.5083805251    -3.5177653943    -3.5172598009    -2.3450770215    -3.1178992348    -3.5352836249    -2.4992883350    -3.0406013285
    2.5226130653    -3.5317176100    -3.1374901155    -3.5011489328    -3.5309315882    -3.5301455663    -2.3152731594    -3.0857224340    -3.5337981021    -2.4562680770    -3.0151486041
    2.5427135678    -3.5387001128    -3.0894338867    -3.4887453526    -3.5376519305    -3.5366037481    -2.2839358755    -3.0507009398    -3.5267584146    -2.4122511715    -2.9865831467
    2.5628140703    -3.5396941666    -3.0379057643    -3.4715872420    -3.5383998623    -3.5371055581    -2.2512467424    -3.0131572258    -3.5146008204    -2.3676806327    -2.9552173920
    2.5829145729    -3.5351484791    -2.9835883206    -3.4504136317    -3.5337030391    -3.5322575991    -2.2176546080    -2.9736045059    -3.4977359718    -2.3225895311    -2.9214253420
    2.6030150754    -3.5254861618    -2.9280341792    -3.4265177627    -3.5241975840    -3.5229090062    -2.1840643107    -2.9298858476    -3.4765502480    -2.2769819682    -2.8835171868
    2.6231155779    -3.5111060333    -2.8714299738    -3.3994442790    -3.5100922317    -3.5090784300    -2.1499645091    -2.8841887185    -3.4514070275    -2.2310482836    -2.8428868074
    2.6432160804    -3.4923838607    -2.8141715166    -3.3689438413    -3.4916274342    -3.4908710076    -2.1150164769    -2.8370685669    -3.4226478933    -2.1848598318    -2.8006396661
    2.6633165829    -3.4696735400    -2.7571318812    -3.3353326831    -3.4691586510    -3.4686437621    -2.0793473747    -2.7887209574    -3.3905937804    -2.1384880112    -2.7569629809
    2.6834170854    -3.4433082176    -2.6999103615    -3.2989071508    -3.4430204278    -3.4427326380    -2.0430743106    -2.7393327124    -3.3555460654    -2.0920344944    -2.7120489563
    2.7035175879    -3.4136013677    -2.6422483256    -3.2599448300    -3.4135274953    -3.4134536230    -2.0063050671    -2.6890767001    -3.3177876103    -2.0455916435    -2.6660755681
    2.7236180905    -3.3808478053    -2.5842879656    -3.2187056053    -3.3809758007    -3.3811037961    -1.9691388222    -2.6381126061    -3.2775837438    -1.9992431994    -2.6192075056
    2.7437185930    -3.3453246552    -2.5263065120    -3.1754326558    -3.3456434920    -3.3459623288    -1.9316667916    -2.5865878444    -3.2353254275    -1.9530650713    -2.5715969104
    2.7638190955    -3.3072922791    -2.4687233146    -3.1303459096    -3.3077918588    -3.3082914386    -1.8939725778    -2.5346382555    -3.1915355413    -1.9073967176    -2.5233842375
    2.7839195980    -3.2669951517    -2.4113985177    -3.0830816404    -3.2676662201    -3.2683372886    -1.8561328982    -2.4823888401    -3.1461753486    -1.8622454573    -2.4746989900
    2.8040201005    -3.2246626948    -2.3542030031    -3.0325469516    -3.2254967683    -3.2263308419    -1.8182183972    -2.4299544837    -3.0989775233    -1.8174266873    -2.4256604036
    2.8241206030    -3.1805100723    -2.2972309458    -2.9808656220    -3.1814993728    -3.1824886732    -1.7802933582    -2.3774405965    -3.0484031629    -1.7729916284    -2.3763781097
    2.8442211055    -3.1347532285    -2.2405681816    -2.9282473007    -3.1358874616    -3.1370216947    -1.7424166701    -2.3249437251    -2.9977303732    -1.7289860112    -2.3269527862
    2.8643216080    -3.0875112010    -2.1843902456    -2.8748502575    -3.0887209458    -3.0899306905    -1.7046425690    -2.2725521347    -2.9465569781    -1.6854500358    -2.2778418165
    2.8844221106    -3.0390795135    -2.1288688546    -2.8208171272    -3.0401210809    -3.0411626482    -1.6670196114    -2.2203463585    -2.8945328584    -1.6424145241    -2.2295055764
    2.9045226131    -2.9895435111    -2.0738573162    -2.7662804883    -2.9904212195    -2.9912989279    -1.6295883273    -2.1683997137    -2.8418025771    -1.5999312025    -2.1812315079
    2.9246231156    -2.9390694088    -2.0194140024    -2.7113634652    -2.9397907320    -2.9405120551    -1.5924012650    -2.1167787826    -2.7885007423    -1.5580229654    -2.1330931677
    2.9447236181    -2.8878065436    -1.9655913196    -2.6561802745    -2.8883785352    -2.8889505268    -1.5555063814    -2.0655438691    -2.7347524770    -1.5166574371    -2.0851576332
    2.9648241206    -2.8358894986    -1.9124362490    -2.6008366693    -2.8363187852    -2.8367480717    -1.5188902480    -2.0147494533    -2.6806740100    -1.4758240410    -2.0374859242
    2.9849246231    -2.7834436914    -1.8599905932    -2.5454304525    -2.7837365005    -2.7840293096    -1.4825645759    -1.9644446872    -2.6263731828    -1.4353095130    -1.9901334319
    3.0050251256    -2.7305858693    -1.8082910247    -2.4900519424    -2.7307480508    -2.7309102323    -1.4464522858    -1.9146735473    -2.5719499079    -1.3949747555    -1.9431504217
    3.0251256281    -2.6774246298    -1.7573700360    -2.4347844412    -2.6774616810    -2.6774987321    -1.4103719002    -1.8656566063    -2.5174966141    -1.3555073248    -1.8965823962
    3.0452261307    -2.6240608572    -1.7072518207    -2.3807962381    -2.6240608572    -2.6240608572    -1.3760416248    -1.8177011699    -2.4630986962    -1.3175848693    -1.8504699944
    3.0653266332    -2.5705881373    -1.6579729828    -2.3274910719    -2.5705881373    -2.5705881373    -1.3426937179    -1.7703593080    -2.4088349221    -1.2803767017    -1.8048498943
    3.0854271357    -2.5170931774    -1.6095636077    -2.2744496194    -2.5170931774    -2.5170931774    -1.3097684704    -1.7236592362    -2.3547778170    -1.2438398239    -1.7597551756
    3.1055276382    -2.4636562035    -1.5619747364    -2.2217344584    -2.4636562035    -2.4636562035    -1.2772780621    -1.6776205335    -2.3009940308    -1.2079583145    -1.7152144461
    3.1256281407    -2.4103513262    -1.5151754384    -2.1694028069    -2.4103513262    -2.4103513262    -1.2452047758    -1.6322879032    -2.2475446884    -1.1727448772    -1.6712480657
    3.1457286432    -2.3572468900    -1.4689026892    -2.1175068660    -2.3572468900    -2.3572468900    -1.2135452778    -1.5876686890    -2.1944857371    -1.1382053136    -1.6278996333
    3.1658291457    -2.3044058065    -1.4230267762    -2.0660941868    -2.3044058065    -2.3044058065    -1.1823202851    -1.5437237775    -2.1418682427    -1.1043444325    -1.5851824135
    3.1859296482    -2.2518858766    -1.3778988150    -2.0152078020    -2.2518858766    -2.2518858766    -1.1515451245    -1.5004241680    -2.0897386433    -1.0711549085    -1.5430599312
    3.2060301508    -2.1997401051    -1.3338032185    -1.9648864994    -2.1997401051    -2.1997401051    -1.1212348889    -1.4575306854    -2.0381390396    -1.0386370747    -1.5015217120
    3.2261306533    -2.1480169429    -1.2907055196    -1.9151653130    -2.1480169429    -2.1480169429    -1.0913974582    -1.4149297523    -1.9871075432    -1.0067950216    -1.4603690471
    3.2462311558    -2.0967605427    -1.2485518827    -1.8660758258    -2.0967605427    -2.0967605427    -1.0620370532    -1.3729221470    -1.9366786597    -0.9756231430    -1.4194441140
    3.2663316583    -2.0460110375    -1.2073365227    -1.8176456414    -2.0460110375    -2.0460110375    -1.0331634161    -1.3317808576    -1.8868829964    -0.9451076733    -1.3789720218
    3.2864321608    -1.9958049157    -1.1670612606    -1.7698996935    -1.9958049157    -1.9958049157    -1.0047875098    -1.2914958215    -1.8377478735    -0.9152491229    -1.3392446160
    3.3065326633    -1.9461751479    -1.1277253306    -1.7228572769    -1.9461751479    -1.9461751479    -0.9769109847    -1.2520153802    -1.7893995645    -0.8860886099    -1.3003115441
    3.3266331658    -1.8971510722    -1.0893139629    -1.6765394580    -1.8971510722    -1.8971510722    -0.9495296341    -1.2133253865    -1.7419607395    -0.8585604339    -1.2621203035
    3.3467336683    -1.8487592387    -1.0518197428    -1.6309873646    -1.8487592387    -1.8487592387    -0.9226498910    -1.1754309912    -1.6952307172    -0.8321101312    -1.2246452897
    3.3668341708    -1.8010233831    -1.0152414468    -1.5861662122    -1.8010233831    -1.8010233831    -0.8962793333    -1.1383330494    -1.6492532494    -0.8062264686    -1.1878936576
    3.3869346734    -1.7539638040    -0.9795605266    -1.5420574085    -1.7539638040    -1.7539638040    -0.8704261170    -1.1023429480    -1.6040189845    -0.7809156491    -1.1518668757
    3.4070351759    -1.7075937933    -0.9447603503    -1.4985456547    -1.7075937933    -1.7075937933    -0.8450767954    -1.0685180719    -1.5594922903    -0.7561839222    -1.1165660275
    3.4271356784    -1.6619467542    -0.9108382678    -1.4553895432    -1.6619467542    -1.6619467542    -0.8202195369    -1.0354114463    -1.5156293867    -0.7320372036    -1.0819798940
    3.4472361809    -1.6170366462    -0.8777929858    -1.4126601420    -1.6170366462    -1.6170366462    -0.7958618675    -1.0030249845    -1.4721882297    -0.7084462120    -1.0481050279
    3.4673366834    -1.5728196786    -0.8455891733    -1.3706872436    -1.5728196785    -1.5728196785    -0.7720114293    -0.9713423118    -1.4290852112    -0.6852841780    -1.0149425956
    3.4874371859    -1.5292831142    -0.8142051183    -1.3296255088    -1.5292831142    -1.5292831142    -0.7486756450    -0.9403571559    -1.3866210707    -0.6626025751    -0.9824839353
    3.5075376884    -1.4866093763    -0.7836439189    -1.2894201687    -1.4866093763    -1.4866093763    -0.7258614512    -0.9100702268    -1.3453171276    -0.6404612255    -0.9517159487
    3.5276381909    -1.4448820449    -0.7539095554    -1.2500312055    -1.4448820449    -1.4448820449    -0.7035082271    -0.8804840842    -1.3053357013    -0.6189065061    -0.9233080592
    3.5477386935    -1.4036331078    -0.7249955217    -1.2114573467    -1.4036331078    -1.4036331078    -0.6815354436    -0.8515793347    -1.2661528949    -0.5979733160    -0.8954947392
    3.5678391960    -1.3631510849    -0.6967511947    -1.1736994358    -1.3631510849    -1.3631510849    -0.6600039512    -0.8233313066    -1.2277550225    -0.5776867876    -0.8682787897
    3.5879396985    -1.3235101405    -0.6691566315    -1.1367576311    -1.3235101405    -1.3235101405    -0.6389650808    -0.7957436065    -1.1901476304    -0.5580637744    -0.8416335142
    3.6080402010    -1.2846572572    -0.6423107985    -1.1006202441    -1.2846572572    -1.2846572572    -0.6184592238    -0.7688205665    -1.1533314285    -0.5391478296    -0.8155542609
    3.6281407035    -1.2465620026    -0.6162875322    -1.0652791657    -1.2465620026    -1.2465620026    -0.5985173340    -0.7425666121    -1.1173026244    -0.5210488562    -0.7900464852
    3.6482412060    -1.2092283216    -0.5911397334    -1.0307330378    -1.2092283216    -1.2092283216    -0.5791622477    -0.7169672518    -1.0820495816    -0.5035960179    -0.7651158517
    3.6683417085    -1.1726571694    -0.5669029418    -0.9969751608    -1.1726571694    -1.1726571694    -0.5604098425    -0.6918704121    -1.0475703140    -0.4866231769    -0.7407678505
    3.6884422111    -1.1368497017    -0.5436362308    -0.9639841750    -1.1368497017    -1.1368497017    -0.5422882104    -0.6673119941    -1.0138649708    -0.4700039020    -0.7169914535
    3.7085427136    -1.1017954679    -0.5214686651    -0.9317556312    -1.1017954679    -1.1017954679    -0.5249184069    -0.6433634291    -0.9809155920    -0.4536443761    -0.6936535626
    3.7286432161    -1.0674883288    -0.5001591713    -0.9002888248    -1.0674883288    -1.0674883288    -0.5081716539    -0.6200794556    -0.9487120192    -0.4374773772    -0.6707826164
    3.7487437186    -1.0339279079    -0.4794321170    -0.8695787848    -1.0339279079    -1.0339279079    -0.4918968662    -0.5975006646    -0.9172530315    -0.4214571875    -0.6484397279
    3.7688442211    -1.0011099707    -0.4590872766    -0.8395862788    -1.0011099707    -1.0011099707    -0.4759773199    -0.5756557000    -0.8865396749    -0.4055553008    -0.6266727440
    3.7889447236    -0.9690148960    -0.4389845743    -0.8103056156    -0.9690148960    -0.9690148960    -0.4603248198    -0.5545631595    -0.8565502395    -0.3897568168    -0.6055181292
    3.8090452261    -0.9376386020    -0.4190314464    -0.7817397670    -0.9376386020    -0.9376386020    -0.4448746985    -0.5343274360    -0.8272576983    -0.3740574258    -0.5850026135
    3.8291457286    -0.9069808346    -0.3991724172    -0.7538922959    -0.9069808346    -0.9069808346    -0.4295815430    -0.5149589717    -0.7986647768    -0.3584608977    -0.5651446312
    3.8492462312    -0.8770412063    -0.3793805373    -0.7267646483    -0.8770412063    -0.8770412063    -0.4144155539    -0.4962232741    -0.7707751417    -0.3429770034    -0.5459661794
    3.8693467337    -0.8477860969    -0.3596503890    -0.7002105345    -0.8477860969    -0.8477860969    -0.3993594545    -0.4779383449    -0.7435926988    -0.3275973032    -0.5276026198
    3.8894472362    -0.8192039876    -0.3399861527    -0.6742114713    -0.8192039876    -0.8192039876    -0.3844058771    -0.4599689477    -0.7170858321    -0.3122720773    -0.5099287975
    3.9095477387    -0.7912978517    -0.3203476715    -0.6488518243    -0.7912978517    -0.7912978516    -0.3695551624    -0.4422178360    -0.6911008818    -0.2970955276    -0.4927701175
    3.9296482412    -0.7640712976    -0.3007530452    -0.6241962474    -0.7640712976    -0.7640712976    -0.3548135159    -0.4246183685    -0.6656974025    -0.2821583827    -0.4759926360
    3.9497487437    -0.7375280230    -0.2813876010    -0.6002927409    -0.7375280230    -0.7375280230    -0.3401914716    -0.4071293403    -0.6409489496    -0.2675324957    -0.4594959662
    3.9698492462    -0.7116032641    -0.2624043920    -0.5771752874    -0.7116032641    -0.7116032641    -0.3256675938    -0.3903910614    -0.6169114393    -0.2532737761    -0.4432072295
    3.9899497487    -0.6861789661    -0.2439196894    -0.5548661217    -0.6861789661    -0.6861789661    -0.3112159423    -0.3744502116    -0.5936258686    -0.2395681082    -0.4270759154
    4.0100502513    -0.6613311519    -0.2260195314    -0.5334969215    -0.6613311519    -0.6613311519    -0.2969247515    -0.3586156382    -0.5711206658    -0.2270025003    -0.4110695257
    4.0301507538    -0.6371262384    -0.2087674082    -0.5130320093    -0.6371262384    -0.6371262384    -0.2828694575    -0.3428975887    -0.5494209048    -0.2154153091    -0.3951698999
    4.0502512563    -0.6136146970    -0.1934293318    -0.4932039223    -0.6136146970    -0.6136146970    -0.2691101489    -0.3272816016    -0.5286887589    -0.2042421971    -0.3793701251
    4.0703517588    -0.5908334806    -0.1803590599    -0.4738101918    -0.5908334806    -0.5908334806    -0.2556938651    -0.3117259742    -0.5087696088    -0.1934877793    -0.3636719518
    4.0904522613    -0.5688081239    -0.1678711396    -0.4547022858    -0.5688081239    -0.5688081239    -0.2426565853    -0.2963324179    -0.4894261340    -0.1831528612    -0.3480836428
    4.1105527638    -0.5475692143    -0.1559610875    -0.4357752672    -0.5475692143    -0.5475692143    -0.2300249480    -0.2811928587    -0.4704801997    -0.1732351109    -0.3326112658
    4.1306532663    -0.5272709694    -0.1446198717    -0.4169591177    -0.5272709694    -0.5272709694    -0.2178177345    -0.2663798892    -0.4518018585    -0.1637296364    -0.3171908251
    4.1507537688    -0.5077383261    -0.1338349345    -0.3982114865    -0.5077383261    -0.5077383261    -0.2060471477    -0.2519497848    -0.4333000864    -0.1546294785    -0.3018923820
    4.1708542714    -0.4887501908    -0.1235910404    -0.3795116549    -0.4887501908    -0.4887501908    -0.1947199112    -0.2379450964    -0.4149150035    -0.1459260322    -0.2868122358
    4.1909547739    -0.4701399907    -0.1138709778    -0.3608555344    -0.4701399907    -0.4701399907    -0.1838382132    -0.2243968755    -0.3966113682    -0.1376094046    -0.2720270719
    4.2110552764    -0.4517856917    -0.1046561357    -0.3422515443    -0.4517856917    -0.4517856917    -0.1734005154    -0.2113265818    -0.3783731581    -0.1296687187    -0.2575969666
    4.2311557789    -0.4336013641    -0.0959269752    -0.3236620554    -0.4336013641    -0.4336013641    -0.1634022441    -0.1987477135    -0.3601990775    -0.1220923701    -0.2435679772
    4.2512562814    -0.4155300791    -0.0876634131    -0.3050683931    -0.4155300791    -0.4155300791    -0.1538363794    -0.1866672011    -0.3420988532    -0.1148682432    -0.2299743713
    4.2713567839    -0.3975379481    -0.0798451320    -0.2866375461    -0.3975379481    -0.3975379481    -0.1446939571    -0.1750865929    -0.3240351449    -0.1079838918    -0.2168405414
    4.2914572864    -0.3796091411    -0.0724518279    -0.2690899625    -0.3796091411    -0.3796091411    -0.1359644937    -0.1640030646    -0.3059930489    -0.1014266904    -0.2041826478
    4.3115577889    -0.3617417430    -0.0654634058    -0.2538781378    -0.3617417430    -0.3617417430    -0.1276363455    -0.1534102745    -0.2881273243    -0.0951839587    -0.1920100246
    4.3316582915    -0.3439443230    -0.0588601331    -0.2390978158    -0.3439443230    -0.3439443230    -0.1196970118    -0.1432990870    -0.2705651098    -0.0892430645    -0.1803263819
    4.3517587940    -0.3261919566    -0.0526227574    -0.2247871945    -0.3261919566    -0.3261919566    -0.1121333883    -0.1336581826    -0.2534053663    -0.0835915075    -0.1691308305
    4.3718592965    -0.3084468887    -0.0467325934    -0.2109732367    -0.3084468887    -0.3084468887    -0.1049319795    -0.1244745712    -0.2367235270    -0.0782169866    -0.1584187536
    4.3919597990    -0.2908531488    -0.0411715876    -0.1976735807    -0.2908531488    -0.2908531488    -0.0980790742    -0.1157340208    -0.2205754581    -0.0731074537    -0.1481825466
    4.4120603015    -0.2735356522    -0.0359231697    -0.1848981702    -0.2735356522    -0.2735356522    -0.0915608909    -0.1074214159    -0.2050008257    -0.0682511558    -0.1384122436
    4.4321608040    -0.2565923194    -0.0315841201    -0.1726506418    -0.2565923194    -0.2565923194    -0.0853636968    -0.0995210547    -0.1900259534    -0.0636366667    -0.1290960455
    4.4522613065    -0.2400984457    -0.0294168508    -0.1609295039    -0.2400984457    -0.2400984457    -0.0794739038    -0.0920168933    -0.1756662422    -0.0592529112    -0.1202207640
    4.4723618090    -0.2241104341    -0.0273579819    -0.1497291352    -0.2241104341    -0.2241104341    -0.0738781459    -0.0848927478    -0.1619282149    -0.0550891814    -0.1117721935
    4.4924623116    -0.2086689796    -0.0254023102    -0.1390406286    -0.2086689796    -0.2086689796    -0.0685633409    -0.0781324566    -0.1488112402    -0.0511351480    -0.1037354216
    4.5125628141    -0.1938017802    -0.0235448590    -0.1288525025    -0.1938017802    -0.1938017802    -0.0635167372    -0.0717200125    -0.1363089810    -0.0473808660    -0.0960950861
    4.5326633166    -0.1795258411    -0.0217808721    -0.1191512979    -0.1795258411    -0.1795258411    -0.0587259502    -0.0656396674    -0.1244106094    -0.0438167768    -0.0888355870
    4.5527638191    -0.1658494278    -0.0201058063    -0.1099220779    -0.1658494278    -0.1658494278    -0.0541789887    -0.0598760143    -0.1131018208    -0.0404337071    -0.0819412607
    4.5728643216    -0.1527737195    -0.0185153247    -0.1011488439    -0.1527737195    -0.1527737195    -0.0498642729    -0.0544140508    -0.1023656784    -0.0372228645    -0.0753965207
    4.5929648241    -0.1402942031    -0.0170052888    -0.0928148811    -0.1402942031    -0.1402942031    -0.0457706464    -0.0492392264    -0.0921833135    -0.0341758320    -0.0691859715
    4.6130653266    -0.1284018477    -0.0155717514    -0.0849030423    -0.1284018477    -0.1284018477    -0.0418873818    -0.0443374762    -0.0825345024    -0.0312845597    -0.0632944981
    4.6331658292    -0.1170840888    -0.0142109493    -0.0773959818    -0.1170840888    -0.1170840888    -0.0382041826    -0.0396952453    -0.0733981399    -0.0285413561    -0.0577073369
    4.6532663317    -0.1063256520    -0.0129192956    -0.0702763442    -0.1063256520    -0.1063256520    -0.0347111806    -0.0353001840    -0.0647526255    -0.0259388777    -0.0524101294
    4.6733668342    -0.0961092383    -0.0116933728    -0.0635269169    -0.0961092383    -0.0961092383    -0.0313989310    -0.0313989310    -0.0565761757    -0.0234701181    -0.0473889620
    4.6934673367    -0.0864160926    -0.0105299254    -0.0571307518    -0.0864160926    -0.0864160926    -0.0282584049    -0.0282584049    -0.0488470738    -0.0211283971    -0.0426303948
    4.7135678392    -0.0772264731    -0.0094258531    -0.0510712602    -0.0772264731    -0.0772264731    -0.0252809797    -0.0252809797    -0.0415438680    -0.0189073484    -0.0381214804
    4.7336683417    -0.0685200357    -0.0083782043    -0.0453322862    -0.0685200357    -0.0685200357    -0.0224584281    -0.0224584281    -0.0346455265    -0.0168009082    -0.0338497746
    4.7537688442    -0.0602761470    -0.0073841690    -0.0398981615    -0.0602761470    -0.0602761470    -0.0197829067    -0.0197829067    -0.0281315559    -0.0148033029    -0.0298033417
    4.7738693467    -0.0524741378    -0.0064410728    -0.0347537451    -0.0524741378    -0.0524741378    -0.0172469428    -0.0172469428    -0.0219820906    -0.0129090379    -0.0259707533
    4.7939698492    -0.0450935052    -0.0055463707    -0.0298844502    -0.0450935052    -0.0450935052    -0.0148434215    -0.0148434215    -0.0164059777    -0.0111128849    -0.0223410837
    4.8140703518    -0.0381140726    -0.0046976412    -0.0252762615    -0.0381140726    -0.0381140726    -0.0125655720    -0.0125655720    -0.0125655720    -0.0094098713    -0.0189039018
    4.8341708543    -0.0315161138    -0.0038925805    -0.0209157426    -0.0315161138    -0.0315161138    -0.0104069544    -0.0104069544    -0.0104069544    -0.0077952685    -0.0156492600
    4.8542713568    -0.0252804479    -0.0031289971    -0.0167900381    -0.0252804479    -0.0252804479    -0.0083614454    -0.0083614454    -0.0083614454    -0.0062645808    -0.0125676815
    4.8743718593    -0.0193885091    -0.0024048067    -0.0128868691    -0.0193885091    -0.0193885091    -0.0064232253    -0.0064232253    -0.0064232253    -0.0048135351    -0.0096501463
    4.8944723618    -0.0138223966    -0.0017180269    -0.0091945248    -0.0138223966    -0.0138223966    -0.0045867645    -0.0045867645    -0.0045867645    -0.0034380705    -0.0068880754
    4.9145728643    -0.0085649073    -0.0010667725    -0.0057018502    -0.0085649073    -0.0085649073    -0.0028468105    -0.0028468105    -0.0028468105    -0.0021343281    -0.0042733150
    4.9346733668    -0.0036029779    -0.0004496774    -0.0024005110    -0.0036029779    -0.0036029779    -0.0011995130    -0.0011995130    -0.0011995130    -0.0008994950    -0.0017998274
    4.9547738694     0.0000000000     0.0000000000     0.0000000000     0.0000000000     0.0000000000     0.0000000000     0.0000000000     0.0000000000     0.0000000000     0.0000000000
    4.9748743719     0.0000000000     0.0000000000     0.0000000000     0.0000000000     0.0000000000     0.0000000000     0.0000000000     0.0000000000     0.0000000000     0.0000000000
    4.9949748744     0.0000000000     0.0000000000     0.0000000000     0.0000000000     0.0000000000     0.0000000000     0.0000000000     0.0000000000     0.0000000000     0.0000000000
    5.0150753769     0.0000000000     0.0000000000     0.0000000000     0.0000000000     0.0000000000     0.0000000000     0.0000000000     0.0000000000     0.0000000000     0.0000000000
    5.0351758794     0.0000000000     0.0000000000     0.0000000000     0.0000000000     0.0000000000     0.0000000000     0.0000000000     0.0000000000     0.0000000000     0.0000000000
    5.0552763819     0.0000000000     0.0000000000     0.0000000000     0.0000000000     0.0000000000     0.0000000000     0.0000000000     0.0000000000     0.0000000000     0.0000000000
    5.0753768844     0.0000000000     0.0000000000     0.0000000000     0.0000000000     0.0000000000     0.0000000000     0.0000000000     0.0000000000     0.0000000000     0.0000000000
    5.0954773869     0.0000000000     0.0000000000     0.0000000000     0.0000000000     0.0000000000     0.0000000000     0.0000000000     0.0000000000     0.0000000000     0.0000000000
    5.1155778894     0.0000000000     0.0000000000     0.0000000000     0.0000000000     0.0000000000     0.0000000000     0.0000000000     0.0000000000     0.0000000000     0.0000000000
    5.1356783920     0.0000000000     0.0000000000     0.0000000000     0.0000000000     0.0000000000     0.0000000000     0.0000000000     0.0000000000     0.0000000000     0.0000000000
    5.1557788945     0.0000000000     0.0000000000     0.0000000000     0.0000000000     0.0000000000     0.0000000000     0.0000000000     0.0000000000     0.0000000000     0.0000000000
    5.1758793970     0.0000000000     0.0000000000     0.0000000000     0.0000000000     0.0000000000     0.0000000000     0.0000000000     0.0000000000     0.0000000000     0.0000000000
    5.1959798995     0.0000000000     0.0000000000     0.0000000000     0.0000000000     0.0000000000     0.0000000000     0.0000000000     0.0000000000     0.0000000000     0.0000000000
    5.2160804020     0.0000000000     0.0000000000     0.0000000000     0.0000000000     0.0000000000     0.0000000000     0.0000000000     0.0000000000     0.0000000000     0.0000000000
    5.2361809045     0.0000000000     0.0000000000     0.0000000000     0.0000000000     0.0000000000     0.0000000000     0.0000000000     0.0000000000     0.0000000000     0.0000000000
    5.2562814070     0.0000000000     0.0000000000     0.0000000000     0.0000000000     0.0000000000     0.0000000000     0.0000000000     0.0000000000     0.0000000000     0.0000000000
    5.2763819096     0.0000000000     0.0000000000     0.0000000000     0.0000000000     0.0000000000     0.0000000000     0.0000000000     0.0000000000     0.0000000000     0.0000000000
    5.2964824121     0.0000000000     0.0000000000     0.0000000000     0.0000000000     0.0000000000     0.0000000000     0.0000000000     0.0000000000     0.0000000000     0.0000000000
    5.3165829146     0.0000000000     0.0000000000     0.0000000000     0.0000000000     0.0000000000     0.0000000000     0.0000000000     0.0000000000     0.0000000000     0.0000000000
    5.3366834171     0.0000000000     0.0000000000     0.0000000000     0.0000000000     0.0000000000     0.0000000000     0.0000000000     0.0000000000     0.0000000000     0.0000000000
    5.3567839196     0.0000000000     0.0000000000     0.0000000000     0.0000000000     0.0000000000     0.0000000000     0.0000000000     0.0000000000     0.0000000000     0.0000000000
    5.3768844221     0.0000000000     0.0000000000     0.0000000000     0.0000000000     0.0000000000     0.0000000000     0.0000000000     0.0000000000     0.0000000000     0.0000000000
    5.3969849246     0.0000000000     0.0000000000     0.0000000000     0.0000000000     0.0000000000     0.0000000000     0.0000000000     0.0000000000     0.0000000000     0.0000000000
    5.4170854271     0.0000000000     0.0000000000     0.0000000000     0.0000000000     0.0000000000     0.0000000000     0.0000000000     0.0000000000     0.0000000000     0.0000000000
    5.4371859297     0.0000000000     0.0000000000     0.0000000000     0.0000000000     0.0000000000     0.0000000000     0.0000000000     0.0000000000     0.0000000000     0.0000000000
    5.4572864322     0.0000000000     0.0000000000     0.0000000000     0.0000000000     0.0000000000     0.0000000000     0.0000000000     0.0000000000     0.0000000000     0.0000000000
    5.4773869347     0.0000000000     0.0000000000     0.0000000000     0.0000000000     0.0000000000     0.0000000000     0.0000000000     0.0000000000     0.0000000000     0.0000000000
    5.4974874372     0.0000000000     0.0000000000     0.0000000000     0.0000000000     0.0000000000     0.0000000000     0.0000000000     0.0000000000     0.0000000000     0.0000000000
    5.5175879397     0.0000000000     0.0000000000     0.0000000000     0.0000000000     0.0000000000     0.0000000000     0.0000000000     0.0000000000     0.0000000000     0.0000000000
    5.5376884422     0.0000000000     0.0000000000     0.0000000000     0.0000000000     0.0000000000     0.0000000000     0.0000000000     0.0000000000     0.0000000000     0.0000000000
    5.5577889447     0.0000000000     0.0000000000     0.0000000000     0.0000000000     0.0000000000     0.0000000000     0.0000000000     0.0000000000     0.0000000000     0.0000000000
    5.5778894472     0.0000000000     0.0000000000     0.0000000000     0.0000000000     0.0000000000     0.0000000000     0.0000000000     0.0000000000     0.0000000000     0.0000000000
    5.5979899497     0.0000000000     0.0000000000     0.0000000000     0.0000000000     0.0000000000     0.0000000000     0.0000000000     0.0000000000     0.0000000000     0.0000000000
    5.6180904523     0.0000000000     0.0000000000     0.0000000000     0.0000000000     0.0000000000     0.0000000000     0.0000000000     0.0000000000     0.0000000000     0.0000000000
    5.6381909548     0.0000000000     0.0000000000     0.0000000000     0.0000000000     0.0000000000     0.0000000000     0.0000000000     0.0000000000     0.0000000000     0.0000000000
    5.6582914573     0.0000000000     0.0000000000     0.0000000000     0.0000000000     0.0000000000     0.0000000000     0.0000000000     0.0000000000     0.0000000000     0.0000000000
    5.6783919598     0.0000000000     0.0000000000     0.0000000000     0.0000000000     0.0000000000     0.0000000000     0.0000000000     0.0000000000     0.0000000000     0.0000000000
    5.6984924623     0.0000000000     0.0000000000     0.0000000000     0.0000000000     0.0000000000     0.0000000000     0.0000000000     0.0000000000     0.0000000000     0.0000000000
    5.7185929648     0.0000000000     0.0000000000     0.0000000000     0.0000000000     0.0000000000     0.0000000000     0.0000000000     0.0000000000     0.0000000000     0.0000000000
    5.7386934673     0.0000000000     0.0000000000     0.0000000000     0.0000000000     0.0000000000     0.0000000000     0.0000000000     0.0000000000     0.0000000000     0.0000000000
    5.7587939699     0.0000000000     0.0000000000     0.0000000000     0.0000000000     0.0000000000     0.0000000000     0.0000000000     0.0000000000     0.0000000000     0.0000000000
    5.7788944724     0.0000000000     0.0000000000     0.0000000000     0.0000000000     0.0000000000     0.0000000000     0.0000000000     0.0000000000     0.0000000000     0.0000000000
    5.7989949749     0.0000000000     0.0000000000     0.0000000000     0.0000000000     0.0000000000     0.0000000000     0.0000000000     0.0000000000     0.0000000000     0.0000000000
    5.8190954774     0.0000000000     0.0000000000     0.0000000000     0.0000000000     0.0000000000     0.0000000000     0.0000000000     0.0000000000     0.0000000000     0.0000000000
    5.8391959799     0.0000000000     0.0000000000     0.0000000000     0.0000000000     0.0000000000     0.0000000000     0.0000000000     0.0000000000     0.0000000000     0.0000000000
    5.8592964824     0.0000000000     0.0000000000     0.0000000000     0.0000000000     0.0000000000     0.0000000000     0.0000000000     0.0000000000     0.0000000000     0.0000000000
    5.8793969849     0.0000000000     0.0000000000     0.0000000000     0.0000000000     0.0000000000     0.0000000000     0.0000000000     0.0000000000     0.0000000000     0.0000000000
    5.8994974874     0.0000000000     0.0000000000     0.0000000000     0.0000000000     0.0000000000     0.0000000000     0.0000000000     0.0000000000     0.0000000000     0.0000000000
    5.9195979899     0.0000000000     0.0000000000     0.0000000000     0.0000000000     0.0000000000     0.0000000000     0.0000000000     0.0000000000     0.0000000000     0.0000000000
    5.9396984925     0.0000000000     0.0000000000     0.0000000000     0.0000000000     0.0000000000     0.0000000000     0.0000000000     0.0000000000     0.0000000000     0.0000000000
    5.9597989950     0.0000000000     0.0000000000     0.0000000000     0.0000000000     0.0000000000     0.0000000000     0.0000000000     0.0000000000     0.0000000000     0.0000000000
    5.9798994975     0.0000000000     0.0000000000     0.0000000000     0.0000000000     0.0000000000     0.0000000000     0.0000000000     0.0000000000     0.0000000000     0.0000000000
    6.0000000000     0.0000000000     0.0000000000     0.0000000000     0.0000000000     0.0000000000     0.0000000000     0.0000000000     0.0000000000     0.0000000000     0.0000000000